97,190,d,1
61,174,d,3
153,55,d,4
15,144,d,2
56,54,d,1
143,23,t,0
76,107,d,3
8,186,d,3
41,20,t,0
6,186,d,3
188,64,d,1
137,51,d,4
91,110,d,3
16,184,d,3
60,169,t,0
12,185,d,3
161,174,d,3
89,18,d,1
21,171,d,3
36,23,t,0
61,132,d,1
58,51,d,1
196,138,d,3
10,47,d,2
117,81,d,4
17,49,d,2
78,152,t,0
70,112,d,3
105,182,d,3
79,184,d,1
189,123,d,1
63,81,e,4
18,74,d,2
155,37,t,0
170,66,d,4
70,146,d,1
12,40,d,2
181,92,d,1
68,19,d,1
101,111,d,3
85,124,d,3
179,94,d,1
84,193,d,1
113,182,d,3
16,143,d,2
68,176,d,1
85,6,d,1
24,39,d,2
131,82,d,4
161,78,d,4
24,165,e,4
150,106,e,3
183,93,d,1
2,191,d,3
24,38,d,2
171,98,d,1
150,180,d,3
83,146,d,1
20,87,d,2
170,12,d,4
51,42,d,3
167,167,t,0
183,118,d,1
122,126,d,3
194,185,d,3
121,106,d,3
182,29,d,4
132,134,d,3
182,105,d,1
85,114,d,3
156,180,d,3
48,168,t,0
114,16,d,4
67,173,d,1
17,54,d,2
148,107,d,3
48,135,t,0
187,93,d,1
16,94,d,2
22,51,d,2
115,137,d,3
92,115,d,3
35,185,d,3
149,126,d,3
194,48,d,4
138,170,d,3
133,19,d,4
132,15,d,4
77,84,d,4
25,104,t,0
132,110,d,3
186,23,d,4
75,126,d,3
95,107,e,2
21,153,e,4
22,104,d,2
190,36,d,4
68,180,d,3
108,53,d,4
73,183,d,1
17,112,d,2
144,120,d,3
83,177,d,1
152,15,d,4
65,169,t,0
159,109,d,3
16,173,d,2
165,103,e,1
169,52,d,4
37,20,t,0
184,95,d,1
112,135,d,3
154,55,d,4
28,174,d,3
20,36,d,2
183,102,d,1
104,66,d,4
48,129,t,0
81,41,d,1
23,170,d,3
82,116,d,3
96,14,d,1
134,14,d,4
107,52,d,4
102,107,e,3
132,13,d,4
137,130,d,3
177,102,d,1
20,168,d,2
26,114,t,0
185,83,d,1
27,129,t,0
63,173,d,1
80,125,d,3
127,173,d,3
173,116,d,3
22,186,d,3
146,16,d,4
51,60,d,1
91,191,d,1
45,19,d,4
64,177,d,3
43,18,d,4
152,12,d,4
157,176,d,3
132,86,t,0
170,55,d,4
51,72,d,1
109,61,d,4
51,131,d,1
197,145,d,3
162,70,d,4
17,140,d,2
189,61,d,1
154,114,d,3
87,152,t,0
134,115,d,3
32,19,d,4
164,108,d,3
20,41,d,2
117,84,d,4
107,109,d,3
20,88,d,2
17,158,d,2
172,15,d,4
19,34,d,2
22,27,d,2
94,184,d,1
195,173,d,3
20,128,d,2
17,168,d,2
9,184,d,3
79,17,d,1
66,47,d,1
136,116,d,3
169,115,d,3
113,117,d,3
17,28,d,2
22,83,e,2
194,18,d,4
29,29,t,0
194,51,d,4
121,81,e,2
151,106,e,3
19,138,d,2
19,35,d,2
49,73,t,0
69,82,d,4
170,64,d,4
181,84,d,1
58,174,d,3
22,39,d,2
29,174,d,3
42,21,t,0
61,81,e,2
185,185,d,3
86,69,d,4
140,82,d,4
82,194,d,3
180,139,d,3
182,128,d,3
127,185,d,3
153,132,d,3
173,113,d,1
39,177,d,3
60,51,d,1
17,86,d,2
195,16,d,4
149,168,t,0
196,185,d,3
18,27,d,2
67,18,d,1
75,112,d,3
117,113,d,3
54,16,d,4
76,105,e,2
19,122,d,2
152,122,d,3
54,83,e,1
130,170,d,3
169,19,d,4
84,102,t,0
72,44,d,1
28,44,t,0
75,116,d,3
23,85,d,2
99,107,e,3
175,18,d,4
125,21,t,0
127,177,d,3
185,99,d,1
120,109,d,3
29,173,d,3
187,118,d,1
64,54,d,1
180,113,d,1
76,40,d,1
179,92,d,1
193,32,d,4
184,19,d,4
116,109,d,3
16,8,d,4
21,85,d,2
93,118,d,3
4,192,d,3
114,129,d,3
98,82,d,4
18,78,d,2
196,169,d,3
91,35,t,0
96,173,d,1
168,103,d,1
153,127,d,3
111,67,d,4
78,12,d,1
67,112,d,3
186,57,d,4
173,110,d,1
24,125,e,4
65,13,d,4
76,80,d,4
178,162,d,3
47,66,t,0
156,173,d,3
99,62,d,4
85,39,t,0
19,77,d,2
111,180,d,3
174,72,d,4
168,37,t,0
117,175,d,3
20,167,e,2
178,161,e,4
68,113,d,3
162,58,d,4
149,71,d,4
90,82,d,4
117,112,d,3
152,16,d,4
104,79,d,4
58,19,d,4
147,173,d,3
66,16,d,1
57,49,d,1
30,126,t,0
25,106,d,2
52,130,d,1
22,61,d,2
71,187,d,3
117,75,d,4
74,81,e,2
181,163,d,3
96,133,d,3
163,182,d,3
152,83,e,2
72,77,d,4
16,148,d,2
158,131,d,3
182,183,d,3
16,72,d,2
126,170,d,3
113,138,d,3
26,167,t,0
141,109,d,3
35,170,d,3
60,170,d,1
105,61,d,4
141,62,d,4
163,174,d,3
124,172,d,3
124,176,d,3
186,148,d,3
81,114,d,3
111,108,d,3
139,69,d,4
53,170,d,3
25,27,t,0
197,179,d,3
171,18,d,4
12,173,d,2
185,60,d,4
42,171,d,3
15,104,d,2
57,42,d,1
81,66,d,4
155,62,d,4
191,29,d,4
181,119,d,1
121,64,d,4
20,18,d,4
179,106,d,1
113,116,d,3
20,174,d,3
120,121,d,3
116,16,d,4
184,178,d,3
71,13,d,1
118,58,d,4
183,60,d,4
40,17,d,4
163,107,d,3
191,57,d,4
191,135,d,3
76,106,e,3
141,24,t,0
168,74,d,4
102,123,d,3
170,15,d,4
12,177,d,2
23,160,d,2
25,62,t,0
104,151,t,0
58,175,d,3
142,130,d,3
184,76,d,1
96,171,d,1
146,110,d,3
15,46,d,2
106,61,d,4
177,163,d,3
196,50,d,4
161,105,d,3
101,105,d,3
75,110,d,3
172,77,d,4
173,57,d,4
9,176,d,2
81,191,d,1
104,74,d,4
152,108,e,3
198,13,d,4
135,19,d,4
97,125,d,3
48,65,t,0
79,5,d,1
75,19,d,1
21,57,e,3
136,173,d,3
97,128,d,3
175,24,d,4
134,130,d,3
116,13,d,4
69,104,t,0
85,65,d,4
48,151,t,0
168,77,d,4
152,126,d,3
182,21,d,4
158,64,d,4
75,80,d,4
109,81,d,4
110,107,d,3
28,144,t,0
115,183,d,3
195,143,d,3
17,73,d,2
18,165,d,2
105,73,d,4
192,27,d,4
149,134,d,3
152,137,d,3
19,156,d,2
25,185,d,3
97,67,d,4
140,115,d,3
77,61,d,4
135,189,d,3
164,82,d,4
50,67,d,1
141,107,e,2
187,41,d,4
66,18,d,1
130,17,d,4
104,134,d,3
68,115,d,3
112,83,e,2
61,181,d,3
173,153,t,0
175,17,d,4
192,139,d,3
73,80,e,2
188,57,d,4
191,172,d,3
20,56,e,2
72,16,d,1
180,76,d,1
119,20,t,0
97,69,d,4
99,16,d,1
94,137,d,3
118,179,d,3
51,64,d,1
131,179,d,3
176,71,d,4
127,175,d,3
55,177,d,3
62,176,d,3
15,10,d,4
90,121,d,3
80,106,d,3
102,20,t,0
158,181,d,3
31,17,d,4
194,56,d,1
24,55,e,2
20,38,d,2
23,101,d,2
160,21,t,0
194,52,d,4
192,135,d,3
147,176,d,3
137,173,d,3
91,109,d,3
162,79,d,4
111,80,d,4
153,75,d,4
92,176,d,1
179,69,d,4
181,117,d,1
118,168,t,0
55,19,d,4
184,120,d,1
174,107,d,1
122,14,d,4
85,58,d,4
76,6,d,1
94,111,d,3
52,21,t,0
16,114,d,2
168,98,d,1
124,138,d,3
166,87,d,1
14,184,d,3
171,60,d,4
87,186,d,1
189,59,d,4
194,131,d,1
23,169,d,3
189,162,d,3
104,106,e,1
92,119,d,3
163,81,d,4
121,168,t,0
138,173,d,3
160,16,d,4
69,80,d,4
189,63,d,1
122,61,d,4
193,140,d,3
58,136,d,1
57,132,d,1
94,115,d,3
56,145,d,1
180,50,d,4
154,82,e,4
36,17,d,4
60,45,d,1
84,178,d,1
25,22,t,0
136,111,d,3
184,75,d,1
174,152,t,1
23,65,d,2
187,134,d,3
174,117,d,3
183,50,d,4
64,140,d,1
137,120,d,3
50,57,d,1
64,144,d,1
177,89,d,1
56,147,d,1
198,178,d,3
141,78,d,4
195,20,d,4
16,63,d,2
100,84,d,4
136,170,d,3
96,114,d,3
175,120,d,3
13,185,d,3
189,177,d,3
104,55,d,4
89,58,d,4
178,62,d,4
23,97,d,2
122,19,d,4
120,185,d,3
177,112,d,1
72,21,t,0
97,78,d,4
14,33,d,2
52,53,d,1
95,136,d,3
169,92,d,1
94,107,e,2
105,126,d,3
133,177,d,3
155,18,d,4
177,123,d,3
65,170,d,1
23,148,d,2
32,101,t,0
53,167,t,0
98,85,t,0
30,12,d,4
149,138,d,3
119,128,d,3
163,117,d,3
54,68,d,1
106,59,d,4
188,41,d,4
114,108,d,3
24,49,d,2
190,45,d,4
20,125,d,2
90,119,d,3
128,109,d,3
180,90,d,1
22,79,d,2
61,149,d,1
48,169,t,0
71,171,d,1
194,181,d,3
158,172,d,3
153,16,d,4
189,155,d,3
117,67,d,4
160,170,d,3
11,13,d,2
174,13,d,4
97,65,d,4
136,82,e,4
16,75,d,2
19,108,d,2
72,114,d,3
134,112,d,3
176,60,d,4
65,145,d,1
144,52,d,4
17,15,d,4
147,15,d,4
195,47,d,4
172,73,d,4
92,72,d,4
185,118,d,1
153,138,d,3
136,114,d,3
77,180,d,1
18,36,d,2
197,19,d,4
176,64,d,4
148,21,t,0
94,83,e,1
58,178,d,3
105,21,t,0
29,17,d,4
9,16,d,2
160,175,d,3
25,169,t,0
99,79,d,4
85,84,d,4
58,85,d,4
17,67,d,2
172,17,d,4
178,109,d,1
186,151,d,3
143,19,d,4
153,17,d,4
4,7,d,2
25,63,t,0
81,83,d,4
91,194,d,1
20,66,d,2
149,140,d,3
95,58,d,4
126,61,d,4
65,19,d,1
178,79,d,1
80,4,d,1
172,80,d,1
168,82,d,1
119,87,t,0
25,60,d,2
195,186,d,3
113,77,d,4
21,155,d,2
19,68,d,2
161,104,t,0
51,122,d,1
92,177,d,1
65,23,t,0
84,109,d,3
129,151,t,0
180,161,d,3
19,157,d,2
166,180,d,3
61,148,d,1
104,78,d,4
195,136,d,3
55,14,d,4
6,187,d,3
160,18,d,4
44,38,t,0
124,175,d,3
16,185,d,3
89,195,d,1
131,84,d,4
199,10,d,4
180,33,d,4
83,170,d,1
21,80,d,2
182,72,d,1
136,17,d,4
134,128,d,3
82,117,d,3
195,154,d,3
137,79,d,4
96,73,d,4
48,11,d,4
63,11,d,4
185,71,d,1
55,43,d,1
37,18,d,4
182,109,d,1
153,136,d,3
95,15,d,1
111,18,d,4
151,17,d,4
19,139,d,2
179,16,d,4
193,28,d,4
171,52,d,4
94,177,d,1
115,16,d,4
174,17,d,4
100,173,d,1
145,108,e,2
49,77,t,0
138,91,t,0
186,64,d,1
20,118,d,2
71,170,d,1
56,108,d,1
177,175,d,3
13,136,d,2
21,176,d,3
80,74,d,4
52,134,d,1
184,149,d,3
20,178,d,3
167,121,d,3
25,64,t,0
42,173,d,3
104,21,t,0
109,113,d,3
167,129,d,3
111,74,d,4
166,90,d,1
76,109,d,3
150,119,d,3
165,102,e,1
115,171,d,3
168,171,d,3
78,181,d,1
126,16,d,4
104,81,e,1
76,81,d,4
98,171,d,1
173,19,d,4
180,74,d,1
70,11,d,1
111,171,d,3
26,71,t,0
159,74,d,4
75,113,d,3
110,110,d,3
198,48,d,4
60,64,d,1
88,64,d,4
105,81,e,1
146,66,d,4
161,179,d,3
183,29,d,4
178,121,d,3
84,58,d,4
23,115,d,2
71,9,d,1
165,101,d,1
193,134,d,3
173,94,d,1
87,191,d,1
77,68,d,4
128,176,d,3
19,180,d,3
160,15,d,4
93,81,d,4
177,170,d,3
51,127,d,1
157,109,d,3
27,154,t,0
79,189,d,1
10,166,d,2
21,15,d,4
172,21,t,0
39,170,d,3
121,54,d,4
75,182,d,1
92,110,d,3
192,156,d,3
16,87,d,2
153,173,d,3
17,106,d,2
180,22,d,4
19,106,d,2
165,124,d,3
65,111,d,3
114,79,d,4
109,121,d,3
37,169,t,0
181,67,d,4
19,23,d,2
61,41,d,1
47,174,d,3
56,44,d,1
20,35,d,2
164,169,t,0
57,21,t,0
145,125,d,3
40,180,d,3
163,20,t,0
26,102,t,0
143,76,d,4
170,175,d,3
34,24,t,0
14,154,d,2
18,152,d,2
179,137,d,3
177,22,d,4
117,110,d,3
185,134,d,3
82,81,e,4
177,80,d,1
73,75,d,4
70,176,d,1
20,78,d,2
139,182,d,3
159,21,t,0
67,168,t,0
176,24,e,1
167,105,d,1
153,176,d,3
33,168,t,0
23,168,d,3
22,86,e,3
166,88,d,1
171,56,d,4
13,37,d,2
15,133,d,2
44,167,t,0
29,168,t,0
106,20,t,0
90,14,d,1
27,19,d,4
70,183,d,3
19,159,d,2
12,127,d,2
64,179,d,3
178,58,d,4
76,189,d,3
21,116,d,2
136,68,d,4
101,61,d,4
39,15,d,4
77,118,d,3
144,18,d,4
23,166,e,3
185,137,d,3
31,16,d,4
134,68,d,4
173,112,d,1
129,167,t,0
107,50,d,4
150,168,t,0
182,168,d,3
54,183,d,3
179,118,d,1
173,52,d,4
24,181,d,3
91,7,d,1
108,77,d,4
65,46,d,1
49,18,d,4
151,111,d,3
66,178,d,3
197,50,d,4
180,88,d,1
19,86,d,2
140,17,d,4
58,23,t,0
143,74,d,4
131,69,d,4
187,131,d,3
191,176,d,3
53,132,d,1
179,144,d,3
122,136,d,3
169,85,d,1
69,168,t,0
88,189,d,1
188,51,d,4
136,56,d,4
113,81,d,4
20,44,d,2
170,94,d,1
185,133,d,3
108,167,t,0
166,111,d,3
62,15,d,4
190,56,d,4
80,182,d,1
181,65,d,4
81,72,d,4
127,85,t,0
17,94,d,2
172,136,d,3
15,173,d,2
21,25,d,2
121,72,d,4
45,174,d,3
24,130,e,2
125,20,t,0
79,85,t,0
113,106,e,2
67,106,e,1
67,46,d,1
67,78,d,4
189,170,d,3
83,8,d,1
38,175,d,3
127,123,d,3
79,13,d,1
128,24,t,0
1,190,d,3
164,64,d,4
45,172,d,3
121,62,d,4
27,20,t,0
153,77,d,4
98,74,d,4
39,20,t,0
190,188,d,3
175,92,d,1
137,84,e,2
134,182,d,3
120,171,d,3
21,47,d,2
112,72,d,4
57,20,t,0
22,156,d,2
12,115,d,2
66,49,d,1
71,117,d,3
144,67,d,4
75,189,d,3
54,149,d,1
7,7,d,2
198,17,d,4
162,76,d,4
106,18,d,4
106,22,t,0
161,173,d,3
84,176,d,1
166,99,d,1
169,121,d,3
178,48,d,4
54,125,d,1
138,109,d,3
164,101,t,0
99,75,d,4
107,106,d,3
123,82,d,4
186,82,d,1
90,114,d,3
176,17,d,4
174,178,d,3
104,125,d,3
60,17,d,4
25,140,t,0
182,68,d,1
174,58,d,4
72,106,d,3
55,56,d,1
178,168,d,3
58,24,t,0
89,196,d,1
100,111,d,3
148,61,d,4
148,85,t,0
75,79,d,4
83,190,d,1
68,12,d,1
153,107,e,3
70,179,d,1
173,77,d,1
50,54,d,1
24,45,e,2
197,46,d,4
82,7,d,1
112,180,d,3
49,45,t,0
118,167,t,0
89,39,t,0
147,68,d,4
49,72,t,0
18,45,d,2
16,145,d,2
20,160,d,2
171,50,d,4
104,53,d,4
15,125,d,2
192,80,d,1
146,114,d,3
129,65,d,4
53,68,d,1
103,69,d,4
146,128,d,3
16,132,d,2
121,60,d,4
15,147,d,2
73,79,d,4
167,12,d,4
34,177,d,3
16,82,d,2
185,166,d,3
166,128,d,3
129,58,d,4
28,18,d,4
79,117,d,3
108,82,d,4
67,115,d,3
173,11,d,4
143,79,d,4
117,19,d,4
21,172,d,3
168,168,t,0
185,162,d,3
27,142,t,0
21,137,d,2
181,24,d,4
190,16,d,4
58,43,d,1
144,77,d,4
85,86,t,0
188,13,d,4
161,65,d,4
141,20,t,0
16,171,d,2
4,191,d,3
21,34,e,2
144,54,d,4
177,92,d,1
17,177,d,3
26,15,d,4
70,152,t,0
22,112,d,2
167,104,e,1
173,115,d,3
79,119,d,3
51,68,d,1
118,103,t,0
89,194,d,1
21,157,d,2
152,105,e,1
59,137,d,1
139,168,t,0
22,127,d,2
161,124,d,3
19,153,d,2
185,178,d,3
149,82,d,4
25,158,t,0
187,58,d,4
113,71,d,4
182,170,d,3
167,82,e,1
192,134,d,3
199,157,d,3
91,151,t,0
186,103,d,1
196,153,d,3
141,80,d,4
189,22,d,4
126,171,d,3
31,18,d,4
100,81,d,4
140,72,d,4
21,83,d,2
23,45,d,2
102,117,d,3
115,175,d,3
138,64,d,4
23,157,d,2
59,38,t,0
120,132,d,3
193,30,d,4
114,106,e,3
95,182,d,1
104,107,e,1
81,8,d,1
137,57,d,4
52,139,d,1
161,107,d,3
152,106,e,3
17,20,d,2
183,62,d,4
12,7,d,4
153,15,d,4
91,59,d,4
26,163,t,0
184,61,d,4
79,174,d,1
48,41,t,0
172,154,t,0
25,73,d,2
91,80,d,4
116,56,d,4
187,141,d,3
12,156,d,2
67,181,d,3
15,84,d,2
135,16,d,4
187,77,d,1
7,185,d,3
13,106,d,2
137,112,d,3
167,97,d,1
45,171,d,3
53,46,d,3
76,5,d,1
153,185,d,3
79,147,d,1
37,16,d,4
163,173,d,3
64,106,e,3
16,19,d,2
87,111,d,3
180,48,d,4
83,59,d,4
137,14,d,4
139,58,d,4
165,87,d,1
183,63,d,4
155,79,d,4
57,85,d,4
22,175,d,3
160,106,d,3
48,15,d,4
125,182,d,3
93,194,d,1
134,20,t,0
141,83,e,2
110,106,d,3
8,182,d,2
175,157,e,3
152,74,d,4
13,180,d,3
19,103,d,2
86,59,d,4
128,140,d,3
106,106,e,1
92,123,d,3
73,83,e,2
76,110,d,3
104,72,d,4
138,121,d,3
22,116,d,2
166,167,t,0
163,102,t,0
102,165,t,0
16,100,d,2
133,80,d,4
77,113,d,3
135,177,d,3
63,174,d,3
111,106,e,2
102,113,d,3
174,157,t,0
121,52,d,4
166,20,t,0
54,146,d,1
49,183,d,3
83,107,e,3
109,83,d,4
114,171,d,3
187,107,d,1
161,61,d,4
171,19,d,4
21,175,d,3
22,26,d,2
178,76,d,1
49,135,t,0
187,73,d,1
152,14,d,4
55,137,d,1
94,16,d,1
175,85,d,1
186,95,d,1
133,108,d,3
62,112,d,3
41,25,t,0
73,15,d,1
68,83,e,1
23,135,e,2
68,81,e,4
171,82,d,1
20,96,d,2
107,76,d,4
189,127,d,1
77,78,d,4
139,178,d,3
162,128,d,3
23,17,d,4
71,178,d,1
117,106,e,1
19,39,d,2
27,143,t,0
118,85,t,0
163,131,d,3
116,186,d,3
178,56,d,4
91,181,d,1
9,14,d,2
143,112,d,3
22,160,d,2
23,108,d,2
104,113,d,3
54,181,d,3
16,123,d,2
28,123,t,0
13,168,d,2
194,141,d,3
58,169,t,0
25,131,t,0
167,72,d,4
22,181,d,3
187,125,d,1
116,170,d,3
77,74,d,4
80,83,d,4
151,76,d,4
174,80,d,1
186,130,d,3
102,176,d,1
34,168,t,0
116,137,d,3
82,108,e,3
182,19,d,4
198,53,d,1
26,156,t,0
68,184,d,3
164,111,d,3
20,145,e,2
24,120,d,2
125,109,d,3
67,76,d,4
85,191,d,1
50,169,t,0
17,43,d,2
64,105,e,3
104,68,d,4
154,84,e,2
194,50,d,4
160,180,d,3
188,137,d,3
166,83,e,1
22,102,d,2
94,180,d,1
189,30,d,4
198,11,d,4
137,105,e,3
88,190,d,1
17,41,d,2
34,19,d,4
176,86,d,1
25,95,t,0
193,57,d,1
151,18,d,4
20,77,d,2
115,173,d,3
50,145,d,1
175,182,d,3
25,181,d,3
195,52,d,4
195,41,d,4
36,19,d,4
21,23,e,2
125,128,d,3
16,135,d,2
175,60,d,4
51,58,d,1
115,109,d,3
192,136,d,3
53,83,e,4
26,63,t,0
184,65,d,4
192,181,d,3
150,170,d,3
168,23,t,0
100,108,d,3
15,163,d,2
175,171,d,3
175,89,d,1
10,8,d,4
63,106,e,3
81,183,d,1
91,112,d,3
132,113,d,3
175,128,d,3
71,177,d,1
23,113,e,2
115,108,d,3
64,182,d,3
15,182,d,3
149,174,d,3
191,60,d,1
137,179,d,3
196,12,d,4
15,183,d,3
19,48,d,2
17,85,d,2
64,48,d,1
123,18,d,4
102,81,d,4
156,114,d,3
47,170,d,3
138,131,d,3
61,175,d,3
63,109,d,3
186,32,d,4
73,185,d,3
20,121,d,2
92,17,d,1
62,172,d,1
132,80,d,4
23,142,d,2
180,14,d,4
32,176,d,3
45,20,t,0
107,62,d,4
180,115,d,1
52,84,e,4
163,105,d,3
131,20,t,0
139,111,d,3
99,135,d,3
50,130,d,1
163,75,d,4
14,150,d,2
180,166,d,3
104,112,d,3
55,139,d,1
91,129,d,3
166,108,d,3
118,129,d,3
15,37,d,2
172,22,t,0
11,14,d,2
122,178,d,3
65,16,d,1
65,6,d,4
20,101,d,2
137,16,d,4
96,61,d,4
190,148,d,3
90,83,d,4
187,170,d,3
73,172,d,1
22,134,e,2
20,47,d,2
92,187,d,1
93,197,d,1
157,136,d,3
177,114,d,1
196,140,d,3
176,107,d,1
11,130,d,2
26,117,t,0
145,130,d,3
196,136,d,1
172,171,d,3
94,108,e,2
16,81,d,2
94,10,d,1
158,176,d,3
17,22,d,2
21,73,d,2
187,23,d,4
179,157,d,3
57,149,d,1
89,193,d,1
11,128,d,2
166,60,d,4
66,17,d,1
20,92,d,2
137,110,d,3
151,73,d,4
118,132,d,3
82,122,d,3
70,10,d,1
122,117,d,3
174,53,d,4
142,126,d,3
170,174,d,3
164,173,d,3
53,134,d,1
113,50,d,4
15,19,d,2
67,8,d,4
177,72,d,4
101,67,d,4
154,125,d,3
17,13,d,4
125,14,d,4
10,182,d,3
133,170,d,3
137,21,t,0
114,81,d,4
31,176,d,3
166,172,d,3
178,13,d,4
193,186,d,3
29,99,t,0
89,198,d,1
178,107,d,1
19,58,d,2
14,180,d,3
162,83,e,4
153,68,d,4
180,114,d,1
191,162,d,3
16,113,d,2
81,1,d,1
15,74,d,2
162,105,e,2
54,171,d,3
24,64,e,2
22,97,d,2
62,171,d,1
185,101,d,1
17,36,d,2
22,123,d,2
196,10,d,4
49,58,t,0
162,177,d,3
24,155,e,4
11,11,d,2
122,112,d,3
164,21,t,0
112,39,t,0
97,18,d,1
74,147,d,1
141,108,d,3
63,12,d,4
15,65,d,2
135,21,t,0
173,117,d,3
107,131,d,3
164,121,d,3
172,93,d,1
69,170,d,1
183,91,d,1
18,58,d,2
73,175,d,1
183,127,d,3
32,13,d,4
127,81,d,4
48,134,t,0
95,125,d,3
167,17,d,4
142,60,d,4
39,14,d,4
99,106,e,1
127,120,d,3
144,124,d,3
179,122,d,3
108,84,d,4
21,95,e,2
94,69,d,4
76,3,d,4
76,13,d,1
162,172,d,3
193,157,d,3
85,69,d,4
27,27,t,0
184,115,d,1
62,105,e,2
95,56,d,4
137,111,d,3
161,133,d,3
180,31,d,4
74,175,d,1
183,177,d,3
185,141,d,3
100,115,d,3
90,187,d,1
111,121,d,3
168,80,d,4
175,80,d,1
181,99,d,1
74,146,d,1
34,186,d,3
173,107,d,1
19,162,d,2
141,114,d,3
45,124,t,0
78,180,d,1
71,77,d,4
57,145,d,1
163,153,t,0
180,173,d,3
13,165,d,2
49,69,t,0
93,151,t,0
9,180,d,2
142,55,d,4
191,157,d,3
116,80,d,4
159,85,t,0
141,184,d,3
60,133,d,1
15,61,d,2
120,61,d,4
112,108,d,3
130,174,d,3
24,98,d,2
189,122,d,1
184,40,d,4
125,110,d,3
52,61,d,1
87,7,d,1
124,119,d,3
172,97,d,1
128,15,d,4
99,120,d,3
19,15,d,4
96,77,d,4
148,174,d,3
12,14,d,2
174,171,d,3
168,117,d,3
171,78,d,4
13,133,d,2
8,180,d,2
107,104,t,0
146,22,t,0
82,77,d,4
192,179,d,3
38,170,d,3
45,21,t,0
55,58,d,1
169,105,d,1
175,115,d,1
15,154,d,2
89,6,d,1
109,76,d,4
25,111,t,0
131,136,d,3
22,46,d,2
154,173,d,3
18,95,d,2
164,89,t,0
145,14,d,4
164,176,d,3
143,80,d,4
160,81,d,4
175,37,e,1
193,177,d,3
137,151,t,0
66,174,d,1
181,12,d,4
87,165,t,0
75,105,e,2
186,124,d,1
23,139,d,2
95,116,d,3
102,59,d,4
157,71,d,4
98,116,d,3
192,158,d,3
23,152,e,4
36,171,d,3
50,72,d,1
173,70,d,4
127,55,d,4
20,154,d,2
92,85,t,0
173,168,t,0
178,69,d,4
23,67,d,2
19,130,d,2
21,123,d,2
96,106,e,3
77,110,d,3
186,47,d,4
162,18,d,4
147,63,d,4
107,82,d,4
175,54,d,4
53,19,d,4
141,182,d,3
167,168,t,0
53,82,d,4
153,122,d,3
195,131,d,1
137,55,d,4
170,21,t,0
14,74,d,2
13,188,d,3
61,178,d,3
111,70,d,4
75,5,d,1
76,82,d,4
18,16,d,4
66,10,d,4
48,128,t,0
192,56,d,4
18,43,d,2
191,147,d,3
14,34,d,2
120,173,d,3
127,134,d,3
178,86,d,1
74,16,d,1
20,102,d,2
48,117,t,0
102,135,d,3
170,137,d,3
89,123,d,3
168,85,d,1
96,107,e,2
193,47,d,4
25,115,t,0
140,20,t,0
175,23,e,1
44,172,d,3
49,129,t,0
141,180,d,3
76,2,d,4
110,105,d,3
184,119,d,1
113,79,d,4
26,130,t,0
18,118,d,2
192,163,d,3
177,18,d,4
185,119,d,1
169,79,d,4
26,99,t,0
80,191,d,3
15,27,d,2
90,125,d,3
28,185,d,3
50,42,d,3
71,185,d,3
167,96,d,1
115,71,d,4
122,23,t,0
142,108,d,3
172,110,d,1
142,14,d,4
182,129,d,3
23,77,d,2
187,126,d,1
151,119,d,3
116,15,d,4
157,134,d,3
135,80,d,4
98,184,d,1
77,177,d,1
26,75,t,0
163,82,e,4
20,123,d,2
17,151,d,2
56,133,d,1
141,168,t,0
89,179,d,1
153,84,e,2
20,150,d,2
186,96,d,1
139,82,d,4
20,175,d,3
157,17,d,4
82,109,d,3
168,62,d,4
127,63,d,4
93,74,d,4
77,19,d,1
85,120,d,3
108,131,d,3
23,133,d,2
75,69,d,4
178,116,d,1
77,77,d,4
129,20,t,0
62,81,e,2
88,175,d,1
58,58,d,1
111,104,t,0
9,188,d,3
66,43,d,1
173,68,d,4
157,150,t,0
192,147,d,3
42,185,d,3
83,113,d,3
161,126,d,3
177,173,d,3
98,77,d,4
22,25,d,2
16,136,d,2
27,133,t,0
17,27,d,2
72,4,d,4
179,80,d,1
191,54,d,4
62,36,t,0
29,170,d,3
14,142,d,2
159,60,d,4
75,82,d,4
87,6,d,1
184,123,d,1
102,174,d,1
95,77,d,4
22,124,e,2
190,115,d,1
167,94,e,4
131,186,d,3
22,155,d,2
15,8,d,4
127,75,d,4
147,132,d,3
116,68,d,4
99,68,d,4
82,176,d,1
178,54,d,4
80,149,d,1
50,129,d,1
62,82,e,2
61,111,d,3
183,74,d,1
170,59,d,4
154,127,d,3
55,105,e,2
78,3,d,1
157,183,d,3
45,169,d,3
184,66,d,1
126,167,t,0
172,67,d,4
18,11,d,4
151,183,d,3
13,14,d,2
43,20,t,0
19,57,d,2
145,110,d,3
66,175,d,1
71,85,t,0
44,20,t,0
165,112,d,3
21,127,d,2
153,66,d,4
86,61,d,4
23,111,d,2
193,147,d,3
173,173,d,3
186,142,d,3
123,66,d,4
194,38,d,4
91,114,d,3
6,7,d,2
27,175,d,3
15,160,d,2
10,15,d,2
72,41,d,1
119,89,t,0
83,117,d,3
48,56,t,0
49,123,t,0
43,171,d,3
190,175,d,3
56,172,d,3
169,83,d,1
101,59,d,4
58,179,d,3
119,76,d,4
190,171,d,3
93,73,d,4
12,184,d,3
89,20,t,0
186,169,d,3
185,160,d,3
75,114,d,3
188,58,d,4
63,171,d,1
15,87,d,2
14,164,d,2
15,138,d,2
46,132,t,0
96,19,d,1
19,95,d,2
21,72,d,2
48,139,t,0
79,170,d,1
136,168,t,0
121,78,d,4
15,121,d,2
52,83,e,4
169,76,d,4
103,107,e,3
133,107,e,2
187,59,d,4
175,107,d,1
138,77,d,4
96,81,d,4
172,103,d,1
119,18,d,4
71,181,d,1
26,70,t,0
154,131,d,3
167,103,d,1
93,78,d,4
17,46,d,2
78,189,d,3
4,193,d,3
165,88,d,1
92,175,d,1
21,44,e,2
9,9,d,2
177,60,d,4
139,126,d,3
182,86,d,1
98,58,d,4
77,16,d,1
74,77,d,4
125,180,d,3
152,72,d,4
21,61,d,2
177,98,d,1
49,114,t,0
190,132,d,3
157,181,d,3
111,169,t,0
90,127,d,3
178,72,d,1
154,19,d,4
110,116,d,3
31,168,t,0
14,130,d,2
86,105,e,1
122,13,d,4
27,81,t,0
174,39,t,0
143,172,d,3
142,85,t,0
47,81,t,0
70,102,t,0
102,188,d,1
91,197,d,1
174,38,t,0
29,167,t,0
173,114,d,3
13,142,d,2
70,147,d,1
91,72,d,4
79,106,d,3
128,59,d,4
178,63,d,4
169,61,d,4
162,68,d,4
78,188,d,1
142,74,d,4
75,106,e,2
138,56,d,4
87,174,d,1
68,178,d,1
57,58,d,1
65,44,d,1
142,122,d,3
151,123,d,3
39,12,d,4
21,93,d,2
134,171,d,3
88,194,d,1
106,130,d,3
182,166,d,3
172,104,d,1
184,108,d,1
49,74,t,0
144,118,d,3
174,66,d,4
20,120,d,2
134,59,d,4
157,62,d,4
86,195,d,1
25,120,t,0
126,12,d,4
22,157,d,2
74,109,d,3
67,184,d,3
182,97,d,1
105,75,d,4
176,175,d,3
178,19,d,4
125,112,d,3
181,44,d,4
164,98,t,0
14,98,d,2
72,184,d,3
17,19,d,2
71,172,d,1
182,122,d,1
144,60,d,4
167,77,d,4
93,85,t,0
175,170,d,3
116,105,e,1
51,18,d,4
158,133,d,3
25,164,t,2
99,85,d,4
100,176,d,1
24,173,d,3
74,174,d,1
128,119,d,3
7,13,d,2
159,71,d,4
57,46,d,1
79,121,d,3
69,87,t,0
85,104,t,0
21,104,d,2
173,119,d,3
36,169,t,0
14,27,d,2
197,23,d,4
131,120,d,3
117,131,d,3
162,126,d,3
187,67,d,1
90,2,d,1
156,63,d,4
172,75,d,4
49,66,t,0
91,113,d,3
13,179,d,3
145,169,t,0
83,115,d,3
18,101,d,2
182,77,d,1
103,150,t,0
106,113,d,3
98,83,e,1
23,163,d,2
54,152,t,0
58,147,d,1
102,76,d,4
50,17,d,4
60,15,d,4
187,145,d,3
188,126,d,1
146,76,d,4
25,32,t,0
127,109,d,3
187,162,d,3
175,175,d,3
72,76,d,4
183,185,d,3
56,17,d,4
181,31,d,4
25,123,t,0
186,157,d,3
15,157,d,2
48,70,t,0
152,65,d,4
22,103,e,2
18,156,d,2
3,3,d,2
135,134,d,3
151,170,d,3
82,129,d,3
17,157,d,2
19,50,d,2
99,114,d,3
58,170,d,3
165,182,d,3
194,147,d,3
146,77,d,4
19,22,d,2
17,153,d,2
183,68,d,1
4,188,d,3
115,130,d,3
181,104,d,1
30,176,d,3
61,106,e,2
116,119,d,3
25,30,t,0
93,110,d,3
144,122,d,3
20,22,d,2
83,71,d,4
60,138,d,1
82,2,d,1
112,172,d,3
170,95,d,1
45,147,t,0
130,79,d,4
193,23,d,4
48,20,t,0
53,64,d,1
188,133,d,3
170,83,d,1
154,53,d,4
58,184,d,3
90,120,d,3
17,166,d,2
16,103,d,2
179,22,d,4
169,176,d,3
62,18,d,1
133,65,d,4
176,79,d,1
17,45,d,2
90,11,d,1
72,177,d,1
47,137,t,0
141,137,d,3
52,121,d,1
132,104,t,0
77,43,d,1
145,184,d,3
126,83,e,4
142,106,e,2
52,15,d,4
162,124,d,3
134,167,t,0
186,71,d,1
21,133,d,2
148,121,d,3
18,178,d,3
17,117,d,2
131,175,d,3
66,181,d,3
12,172,d,2
27,17,d,4
105,111,d,3
21,74,d,2
84,80,d,4
138,53,d,4
187,128,d,3
92,128,d,3
95,123,d,3
62,142,d,1
67,38,t,0
173,38,t,0
127,59,d,4
187,183,d,3
65,177,d,3
9,13,d,2
111,77,d,4
120,177,d,3
9,182,d,3
189,143,d,3
190,62,d,1
75,74,d,4
161,13,d,4
122,170,d,3
134,185,d,3
157,14,d,4
21,170,d,3
53,81,d,4
82,13,d,1
149,109,d,3
170,176,d,3
166,174,d,3
128,20,t,0
193,138,d,3
29,101,t,0
149,11,d,4
160,169,t,0
174,15,d,4
84,79,d,4
22,47,d,2
98,130,d,3
167,98,d,1
172,55,d,4
128,174,d,3
185,40,d,4
31,21,t,0
26,97,t,0
82,113,d,3
124,169,t,0
51,138,d,1
179,142,d,3
75,75,d,4
155,116,d,3
193,36,d,4
120,102,t,0
111,73,d,4
148,104,t,0
179,181,d,3
22,23,e,2
80,39,t,0
131,56,d,4
183,113,d,1
61,13,d,4
91,170,d,1
56,20,t,0
98,73,d,4
28,24,t,0
33,13,d,4
179,14,d,4
80,110,d,3
128,104,t,0
148,59,d,4
24,94,d,2
162,187,d,3
78,78,d,4
75,13,d,1
149,69,d,4
171,95,d,1
21,177,d,3
191,129,d,1
14,165,d,2
83,197,d,3
52,86,t,0
108,113,d,3
167,81,d,4
182,118,d,1
91,199,d,1
21,126,d,2
179,68,d,4
175,74,d,4
20,13,d,4
190,159,d,3
58,53,d,1
173,109,d,1
84,117,d,3
15,18,d,2
186,62,d,4
69,185,d,3
43,17,d,4
88,199,d,3
125,131,d,3
31,13,d,4
181,61,d,4
155,74,d,4
120,21,t,0
17,160,d,2
22,14,d,4
33,185,d,3
144,172,d,3
68,17,d,1
87,196,d,1
7,183,d,2
143,12,d,4
121,109,d,3
185,129,d,3
115,60,d,4
102,57,d,4
84,107,d,3
164,113,d,3
190,134,d,3
90,80,d,4
182,66,d,4
153,20,t,0
93,111,d,3
115,64,d,4
89,114,d,3
154,60,d,4
25,91,t,0
106,65,d,4
22,33,e,2
159,76,d,4
23,91,d,2
71,15,d,1
191,167,d,3
18,22,d,2
138,127,d,3
165,169,t,0
180,94,d,1
190,27,d,4
92,13,d,1
102,71,d,4
15,96,d,2
23,47,d,2
145,172,d,3
54,82,e,4
111,179,d,3
117,80,d,4
20,113,d,2
105,66,d,4
174,94,d,1
99,104,t,0
20,12,d,4
189,181,d,3
19,42,d,2
14,153,d,2
45,173,d,3
112,36,t,0
100,105,e,2
22,75,e,2
104,132,d,3
193,19,d,4
31,178,d,3
50,43,d,3
139,12,d,4
17,80,d,2
109,59,d,4
77,186,d,1
77,114,d,3
123,78,d,4
184,170,d,3
173,150,t,0
158,87,t,0
182,47,d,4
93,120,d,3
21,164,d,2
142,17,d,4
20,97,d,2
186,120,d,1
188,150,d,3
163,89,t,0
139,174,d,3
52,178,d,3
192,177,d,3
102,131,d,3
25,155,t,0
120,15,d,4
143,81,e,4
124,58,d,4
23,110,d,2
79,191,d,3
197,176,d,3
84,191,d,1
75,185,d,1
141,56,d,4
21,147,d,2
17,102,d,2
15,97,d,2
82,72,d,4
83,16,d,1
177,21,d,4
134,66,d,4
14,23,d,2
133,175,d,3
37,172,d,3
51,128,d,1
160,132,d,3
59,132,d,1
111,168,t,0
119,177,d,3
124,87,t,0
118,63,d,4
171,151,t,0
103,106,e,1
26,72,t,0
172,131,d,3
196,187,d,3
182,100,d,1
12,166,d,2
164,90,t,0
69,177,d,1
25,28,t,0
170,80,d,1
177,121,d,3
176,120,d,3
94,84,d,4
164,18,d,4
52,17,d,4
146,179,d,3
196,32,d,4
23,73,d,2
137,81,d,4
123,178,d,3
54,32,t,0
66,81,d,4
19,174,d,3
20,48,d,2
66,11,d,4
167,60,d,4
25,71,t,0
93,116,d,3
6,180,d,2
18,88,d,2
82,19,d,1
69,20,t,0
96,131,d,3
173,124,d,3
92,111,d,3
118,54,d,4
50,19,d,4
11,176,d,2
182,63,d,4
92,66,d,4
53,115,d,3
24,46,d,2
14,66,d,2
176,122,d,3
193,154,d,3
132,128,d,3
182,80,d,1
41,180,d,3
21,136,d,2
175,109,d,1
16,23,d,2
23,167,d,2
178,164,d,3
67,149,d,1
13,97,d,2
60,54,d,1
99,73,d,4
14,129,d,2
188,127,d,1
179,76,d,1
81,85,t,0
79,3,d,1
24,126,e,4
122,171,d,3
161,77,d,4
89,111,d,3
169,15,d,4
98,108,e,3
155,170,d,3
63,75,d,4
155,77,d,4
155,109,d,3
69,176,d,1
186,17,d,4
173,128,d,3
81,36,t,0
189,160,d,3
95,114,d,3
71,188,d,3
156,172,d,3
112,70,d,4
14,51,d,2
106,119,d,3
10,14,d,2
126,185,d,3
87,108,d,3
134,18,d,4
113,54,d,4
165,133,d,3
35,177,d,3
14,10,d,4
109,125,d,3
88,59,d,4
77,172,d,1
160,74,d,4
173,120,d,3
153,118,d,3
168,68,d,4
173,170,d,3
5,7,d,2
18,35,d,2
20,95,d,2
155,112,d,3
92,70,d,4
176,167,d,3
74,148,d,1
134,169,t,0
16,66,d,2
136,174,d,3
75,18,d,1
49,134,t,0
8,10,d,2
22,126,d,2
98,124,d,3
79,109,d,3
135,178,d,3
145,168,t,0
170,14,d,4
190,137,d,3
52,63,d,1
195,15,d,4
13,47,d,2
61,140,d,1
23,145,e,2
49,59,t,0
178,170,d,3
187,74,d,1
167,109,d,3
16,102,d,2
143,84,e,4
23,26,e,2
167,107,e,3
52,85,t,0
72,84,d,4
15,169,d,2
21,134,e,2
66,108,d,3
167,86,d,1
70,7,d,4
128,103,t,0
184,104,d,1
186,177,d,3
155,83,e,4
86,129,d,3
197,51,d,4
154,86,t,0
68,146,d,1
9,5,d,4
123,19,d,4
150,51,d,4
74,107,e,2
78,148,d,1
118,111,d,3
13,58,d,2
117,109,d,3
66,110,d,3
182,114,d,1
44,183,d,3
52,45,d,1
65,20,t,0
156,115,d,3
167,55,d,4
24,65,d,2
16,9,d,4
194,135,d,3
181,181,d,3
147,74,d,4
160,115,d,3
116,53,d,4
153,76,d,4
154,67,d,4
112,80,d,4
173,85,d,1
54,170,d,3
113,80,d,4
75,10,d,1
29,181,d,3
19,83,d,2
172,105,d,1
17,48,d,2
183,163,d,3
173,12,d,4
170,173,d,3
71,17,d,1
198,183,d,3
118,107,e,1
175,58,d,4
134,72,d,4
4,187,d,3
46,22,t,0
163,19,d,4
123,176,d,3
31,183,d,3
132,20,t,0
16,98,d,2
27,91,t,0
67,170,d,1
49,52,t,0
142,128,d,3
173,88,d,1
24,112,d,2
184,125,d,3
199,186,d,3
85,177,d,1
11,160,d,2
140,15,d,4
58,171,d,3
120,20,t,0
78,11,d,1
72,6,d,4
76,114,d,3
81,110,d,3
151,117,d,3
165,80,e,4
74,73,d,4
194,22,d,4
66,176,d,1
183,167,d,3
145,11,d,4
23,126,d,2
158,169,t,0
25,82,t,2
176,92,d,1
65,173,d,1
175,93,d,1
128,82,d,4
72,185,d,3
37,22,t,0
22,171,d,3
65,136,d,1
115,52,d,4
112,113,d,3
14,176,d,2
21,113,d,2
157,84,e,1
10,23,d,2
131,166,t,0
19,164,d,2
102,118,d,3
168,169,d,3
114,112,d,3
136,150,t,0
182,27,d,4
63,79,d,4
116,86,t,0
135,84,e,2
57,142,d,4
72,186,d,3
66,85,t,0
83,65,d,4
171,70,d,4
111,127,d,3
18,167,d,2
19,131,d,2
22,173,d,3
17,161,d,2
20,15,d,4
22,130,d,2
33,17,d,4
54,168,t,0
68,175,d,1
124,128,d,3
151,19,d,4
116,19,d,4
118,82,d,4
93,170,d,1
154,76,d,4
172,79,d,1
98,76,d,4
16,30,d,2
112,21,t,0
188,120,d,1
102,73,d,4
21,138,d,2
67,84,e,1
141,177,d,3
75,190,d,3
68,142,d,1
20,156,d,2
48,72,t,0
14,64,d,2
108,83,d,4
26,77,t,0
85,106,e,3
124,19,d,4
169,171,d,3
63,10,d,4
105,55,d,4
196,180,d,3
59,171,d,3
122,104,t,0
55,20,d,4
74,181,d,1
49,115,t,0
124,12,d,4
105,178,d,3
166,92,e,4
105,119,d,3
137,124,d,3
164,57,d,4
189,17,d,4
13,186,d,3
128,117,d,3
180,137,d,3
62,108,d,3
179,37,d,4
152,18,d,4
179,100,d,1
85,197,d,3
137,128,d,3
179,81,d,1
156,12,d,4
169,174,d,3
1,189,d,2
175,50,d,4
18,157,d,2
136,113,d,3
120,113,d,3
195,135,d,1
155,113,d,3
119,84,d,4
54,18,d,4
198,163,d,3
85,180,d,1
56,23,t,0
76,111,d,3
168,13,d,4
182,36,d,4
122,107,e,3
15,159,d,2
168,91,d,1
15,181,d,3
147,38,t,0
164,109,d,3
141,51,d,4
16,71,d,2
132,130,d,3
84,104,t,0
178,166,d,3
31,15,d,4
117,77,d,4
120,81,d,4
26,180,d,3
62,49,d,1
102,51,d,4
128,121,d,3
121,20,t,0
85,196,d,3
90,195,d,1
74,180,d,1
194,163,d,3
159,20,t,0
148,105,d,3
21,62,d,2
117,21,t,0
82,110,d,3
46,56,t,0
161,111,d,3
102,70,d,4
21,69,d,2
182,104,d,1
160,113,d,3
174,151,t,0
195,31,d,4
10,184,d,3
58,182,d,3
125,17,d,4
120,105,d,3
169,38,t,0
80,187,d,1
198,139,d,3
169,113,d,3
54,12,d,4
188,164,d,3
53,148,d,1
97,19,d,1
148,110,d,3
79,16,d,1
105,68,d,4
105,106,e,1
183,66,d,4
177,62,d,4
84,111,d,3
50,41,d,3
106,121,d,3
148,133,d,3
22,17,d,4
133,151,t,0
4,185,d,2
171,118,d,3
53,44,d,3
125,84,d,4
73,190,d,3
161,81,d,4
188,22,d,4
177,48,d,4
49,55,t,0
118,76,d,4
23,19,d,4
154,123,d,3
195,55,d,1
1,193,d,3
121,19,d,4
184,63,d,4
168,97,d,1
73,9,d,1
163,68,d,4
151,13,d,4
174,183,d,3
115,105,e,3
5,4,d,4
65,42,d,1
184,57,d,4
127,190,d,3
167,188,d,3
48,172,d,3
119,120,d,3
117,127,d,3
196,53,d,4
25,151,d,2
176,117,d,3
59,138,d,1
161,170,d,3
88,84,e,1
192,132,d,1
178,120,d,3
54,148,d,1
106,114,d,3
111,11,d,4
62,146,d,1
110,54,d,4
106,73,d,4
19,43,d,2
119,85,t,0
169,86,d,1
14,177,d,3
153,108,e,3
74,173,d,1
184,124,d,1
52,174,d,3
144,134,d,3
164,100,t,0
27,67,t,0
79,169,t,0
98,104,t,0
23,55,d,2
156,170,d,3
183,131,d,3
174,156,t,0
171,136,d,3
186,73,d,1
131,168,t,0
87,114,d,3
40,185,d,3
146,49,d,4
143,114,d,3
77,174,d,1
144,128,d,3
165,84,e,1
18,168,d,2
95,111,d,3
141,60,d,4
184,161,d,3
3,190,d,3
25,90,t,0
65,178,d,3
56,19,d,4
74,14,d,1
155,111,d,3
22,139,d,2
57,64,d,1
17,154,d,2
19,169,d,2
178,20,e,1
164,86,t,0
37,17,d,4
118,78,d,4
17,74,d,2
73,76,d,4
84,195,d,3
148,84,d,4
71,105,d,3
64,79,d,4
166,171,d,3
81,38,t,0
192,31,d,4
77,120,d,3
69,142,d,1
172,72,d,4
17,37,d,2
189,118,d,1
89,186,d,1
146,177,d,3
152,107,e,3
69,183,d,3
114,114,d,3
23,15,d,4
20,172,d,3
70,145,d,1
18,116,d,2
85,182,d,1
26,94,t,0
94,113,d,3
55,174,d,3
49,141,t,0
49,112,t,0
189,55,d,4
184,36,d,4
172,153,t,0
20,137,d,2
83,69,d,4
50,131,d,1
25,102,t,0
120,179,d,3
182,121,d,1
5,185,d,2
191,128,d,1
190,50,d,4
143,175,d,3
76,177,d,1
196,174,d,3
184,85,d,1
115,73,d,4
187,33,d,4
113,175,d,3
120,134,d,3
118,17,d,4
21,158,d,2
86,190,d,1
131,54,d,4
68,76,d,4
93,84,e,1
109,111,d,3
98,140,d,3
32,171,d,3
20,177,d,3
16,47,d,2
153,175,d,3
181,32,d,4
179,18,d,4
109,82,d,4
135,136,d,3
96,8,d,1
93,107,e,2
193,131,d,1
157,16,d,4
125,187,d,3
41,172,d,3
19,167,d,2
23,43,e,4
105,172,d,1
27,22,t,0
70,107,d,3
24,54,e,3
148,14,d,4
174,167,t,0
18,135,d,2
171,185,d,3
18,169,d,2
78,2,d,1
137,122,d,3
53,147,d,1
162,179,d,3
116,171,d,3
41,178,d,3
99,151,t,0
17,47,d,2
80,108,d,3
69,11,d,1
22,153,e,4
20,75,d,2
188,80,d,1
88,153,t,0
11,181,d,3
114,127,d,3
198,46,d,4
114,75,d,4
19,91,d,2
153,78,d,4
164,181,d,3
33,179,d,3
17,179,d,3
155,89,t,0
179,27,d,4
24,75,e,2
50,115,d,3
73,180,d,1
177,133,d,3
185,46,d,4
191,183,d,3
197,48,d,4
149,15,d,4
120,108,d,3
14,123,d,2
47,22,t,0
66,15,d,1
24,85,e,3
162,53,d,4
107,113,d,3
24,96,e,2
150,178,d,3
146,64,d,4
52,180,d,3
19,66,d,2
144,115,d,3
116,169,t,0
179,65,d,4
104,9,d,1
115,135,d,3
71,73,d,4
76,185,d,1
39,17,d,4
62,77,d,4
17,174,d,3
75,120,d,3
23,96,e,2
168,39,t,0
94,54,d,4
144,181,d,3
18,179,d,3
88,172,d,1
22,143,d,2
14,85,d,2
173,55,d,4
178,113,d,1
98,106,e,3
20,146,d,2
92,188,d,1
165,17,d,4
160,186,d,3
109,131,d,3
127,129,d,3
55,107,e,3
189,166,d,3
171,79,d,1
133,109,d,3
13,175,d,2
106,9,d,4
121,182,d,3
13,23,d,2
43,184,d,3
14,92,d,2
68,174,d,1
21,50,d,2
157,80,d,4
189,120,d,1
31,173,d,3
23,22,d,4
23,117,d,2
63,83,e,2
16,127,d,2
191,43,d,4
97,104,t,0
181,135,d,3
99,111,d,3
189,34,d,4
13,171,d,2
188,39,d,4
49,76,t,0
185,132,d,3
39,176,d,3
163,103,t,0
125,80,d,4
179,121,d,3
141,15,d,4
143,67,d,4
93,7,d,1
196,36,d,4
72,11,d,1
105,112,d,3
162,87,t,0
77,8,d,1
56,43,d,1
73,46,d,1
20,169,d,2
185,121,d,1
101,65,d,4
183,117,d,1
185,126,d,3
103,108,d,3
186,154,d,3
27,25,t,0
127,133,d,3
19,54,d,2
21,81,d,2
81,112,d,3
177,90,d,1
91,173,d,1
179,58,d,4
137,126,d,3
177,34,e,1
28,17,d,4
145,85,d,4
187,60,d,4
146,81,d,4
111,125,d,3
57,57,d,1
103,59,d,4
122,130,d,3
107,134,d,3
144,15,d,4
100,109,d,3
14,136,d,2
111,102,t,0
178,27,e,3
193,179,d,3
59,173,d,3
106,112,d,3
15,170,d,2
14,18,d,2
20,84,d,2
176,108,d,1
91,186,d,1
103,109,d,3
168,76,d,4
22,82,d,2
24,83,e,2
144,76,d,4
118,177,d,3
22,122,d,2
131,130,d,3
73,5,d,4
112,106,e,2
121,56,d,4
136,108,d,3
152,118,d,3
127,83,e,1
100,57,d,4
82,79,d,4
15,107,d,2
155,114,d,3
47,56,t,0
112,185,d,3
64,170,d,1
134,110,d,3
171,172,d,3
14,37,d,2
21,24,d,2
30,11,d,4
21,36,e,2
193,152,d,3
89,65,d,4
64,173,d,1
157,108,e,1
184,71,d,1
92,109,d,3
122,183,d,3
113,132,d,3
65,104,t,0
78,107,e,3
182,61,d,4
196,189,d,3
112,166,t,0
181,177,d,3
195,162,d,3
77,108,d,3
24,162,e,2
48,171,d,3
80,13,d,1
177,184,d,3
65,105,e,1
139,171,d,3
101,71,d,4
156,102,t,0
165,13,d,4
137,139,d,3
93,119,d,3
24,157,e,2
170,63,d,4
175,75,d,1
67,145,d,1
58,56,d,1
184,133,d,3
116,172,d,3
70,105,d,3
16,58,d,2
49,14,d,4
71,183,d,3
196,38,d,4
191,126,d,1
22,166,d,2
156,57,d,4
152,76,d,4
160,104,t,0
37,187,d,3
164,114,d,3
194,20,d,4
140,168,t,0
193,21,d,4
19,27,d,2
184,180,d,3
126,71,d,4
172,92,d,1
48,185,d,3
112,62,d,4
128,172,d,3
130,116,d,3
17,50,d,2
71,38,t,0
15,15,d,2
151,59,d,4
82,120,d,3
178,122,d,3
112,19,d,4
74,184,d,1
190,144,d,3
17,170,d,2
52,58,d,1
185,130,d,3
81,4,d,1
25,67,t,0
78,7,d,1
189,42,d,4
16,174,d,2
157,172,d,3
49,17,d,4
80,12,d,1
157,78,d,4
149,108,d,3
187,175,d,3
51,137,d,1
47,124,t,0
22,55,e,3
173,91,d,1
175,25,e,3
159,18,d,4
88,1,d,1
52,133,d,1
101,113,d,3
195,144,d,3
132,115,d,3
150,103,t,0
119,70,d,4
110,80,e,2
186,129,d,3
67,178,d,3
54,44,d,1
168,87,d,1
182,49,d,4
49,185,d,3
129,181,d,3
185,78,d,1
89,7,d,1
183,155,d,3
11,8,d,4
17,121,d,2
197,185,d,3
20,116,d,2
17,32,d,2
170,13,d,4
158,117,d,3
59,50,d,1
96,26,t,0
187,158,d,3
14,53,d,2
53,43,d,1
193,144,d,3
64,83,e,2
191,165,d,3
105,22,t,0
51,61,d,1
18,90,d,2
13,147,d,2
12,175,d,2
162,111,d,3
128,175,d,3
120,107,d,3
133,134,d,3
125,76,d,4
61,15,d,4
21,178,d,3
199,181,d,3
111,116,d,3
85,195,d,1
161,18,d,4
120,104,t,0
24,139,d,2
152,113,d,3
16,149,d,2
49,120,t,0
98,105,e,1
46,18,d,4
68,183,d,3
55,164,t,0
172,115,d,3
57,170,d,3
178,52,d,4
23,161,d,2
90,122,d,3
71,47,d,1
138,81,d,4
186,185,d,3
156,174,d,3
24,92,d,2
152,110,d,3
89,57,d,4
89,107,d,3
66,141,d,1
143,109,d,3
74,116,d,3
118,172,d,3
182,138,d,3
92,113,d,3
176,70,d,4
169,124,d,3
187,57,d,4
198,176,d,3
73,186,d,3
25,130,t,0
16,121,d,2
181,27,d,4
60,149,d,1
17,16,d,4
144,65,d,4
135,174,d,3
184,59,d,4
58,54,d,1
50,172,d,3
168,81,d,4
23,23,e,2
98,56,d,4
186,34,d,4
18,44,d,2
88,23,t,0
67,16,d,1
10,9,d,4
54,185,d,3
80,184,d,1
44,170,d,3
87,14,d,1
183,151,d,3
101,54,d,4
79,19,d,1
154,16,d,4
26,47,t,0
153,174,d,3
164,60,d,4
24,164,e,2
34,21,t,0
48,63,t,0
60,46,d,1
19,184,d,3
31,179,d,3
180,69,d,4
146,113,d,3
154,12,d,4
48,54,t,0
138,113,d,3
11,17,d,2
47,167,t,0
34,171,d,3
57,140,d,1
121,79,d,4
6,5,d,4
74,186,d,3
14,81,d,2
55,182,d,3
177,53,d,4
150,88,t,0
153,35,t,0
35,172,d,3
46,116,t,0
135,180,d,3
68,13,d,1
165,98,e,1
188,32,d,4
27,30,t,0
155,174,d,3
112,117,d,3
16,95,d,2
122,80,d,4
184,70,d,1
170,135,d,3
58,107,d,3
69,175,d,1
113,112,d,3
120,130,d,3
142,102,t,0
19,121,d,2
50,178,d,3
21,105,d,2
94,123,d,3
21,13,d,4
52,149,d,1
140,136,d,3
21,77,d,2
27,177,d,3
66,177,d,3
50,64,d,1
197,187,d,3
85,186,d,1
123,22,t,0
184,23,d,4
117,54,d,4
55,147,d,1
127,169,t,0
57,172,d,3
116,79,d,4
21,114,d,2
54,20,t,0
88,76,d,4
14,169,d,2
82,83,e,1
183,153,d,3
82,6,d,1
168,115,d,3
95,130,d,3
186,123,d,1
174,103,d,1
181,46,d,4
23,38,d,2
79,18,d,1
125,74,d,4
16,161,d,2
76,126,d,3
39,183,d,3
133,85,t,0
113,76,d,4
104,108,e,3
122,132,d,3
106,108,d,3
63,170,d,1
121,73,d,4
115,170,d,3
106,71,d,4
159,172,d,3
192,131,d,1
182,164,d,3
57,169,t,0
16,40,d,2
123,185,d,3
171,153,t,0
17,40,d,2
139,173,d,3
21,103,d,2
21,31,d,2
187,133,d,3
164,68,d,4
115,114,d,3
171,39,t,0
14,35,d,2
91,115,d,3
27,131,t,0
144,132,d,3
137,183,d,3
49,121,t,0
192,169,d,3
167,101,d,1
154,170,d,3
104,77,d,4
193,11,d,4
16,188,d,3
92,64,d,4
150,116,d,3
105,20,t,0
64,142,d,1
145,178,d,3
101,177,d,1
85,113,d,3
168,54,d,4
26,17,d,4
17,58,d,2
56,57,d,1
150,185,d,3
152,104,t,0
78,190,d,3
95,184,d,1
120,117,d,3
153,82,e,2
186,36,d,4
77,7,d,1
183,71,d,1
63,108,d,3
177,77,d,1
157,64,d,4
102,66,d,4
123,55,d,4
65,8,d,4
153,112,d,3
128,19,d,4
23,31,d,2
63,57,d,1
50,59,d,1
25,171,d,3
141,110,d,3
95,127,d,3
82,74,d,4
81,6,d,1
137,19,d,4
186,121,d,1
102,62,d,4
78,110,d,3
167,172,d,3
190,130,d,1
87,109,d,3
140,68,d,4
168,94,d,1
17,178,d,3
183,80,d,1
18,66,d,2
116,179,d,3
33,169,t,0
18,176,d,3
28,172,d,3
72,181,d,1
100,180,d,1
133,116,d,3
67,136,d,1
148,106,d,3
103,110,d,3
76,173,d,1
80,189,d,1
88,3,d,1
176,111,d,1
183,101,d,1
25,68,t,0
86,83,d,4
152,112,d,3
127,138,d,3
167,79,d,4
159,54,d,4
101,55,d,4
136,130,d,3
164,19,d,4
71,184,d,3
22,151,d,2
180,75,d,1
168,104,d,1
167,20,t,0
2,188,d,2
103,117,d,3
15,177,d,3
88,74,d,4
174,185,d,3
179,67,d,4
174,181,d,3
186,60,d,4
143,168,t,0
115,187,d,3
59,84,d,4
190,154,d,3
187,54,d,4
96,59,d,4
66,135,d,1
179,99,d,1
14,146,d,2
99,88,t,0
153,114,d,3
6,188,d,3
138,21,t,0
38,185,d,3
58,150,t,0
65,109,d,3
54,174,d,3
89,190,d,1
14,127,d,2
177,33,e,1
179,165,d,3
29,16,d,4
176,174,d,3
97,117,d,3
144,114,d,3
174,19,d,4
171,113,d,3
63,24,t,0
186,28,d,4
11,23,d,2
190,150,d,3
88,75,d,4
187,156,d,3
41,169,t,0
187,64,d,1
20,62,d,2
23,106,d,2
112,150,t,0
19,135,d,2
162,122,d,3
16,21,d,2
96,184,d,1
148,167,t,0
55,68,d,1
188,168,d,3
196,135,d,1
13,182,d,3
138,174,d,3
97,71,d,4
99,129,d,3
27,137,t,0
194,138,d,3
168,172,d,3
88,113,d,3
78,66,d,4
179,95,d,1
71,16,d,1
156,176,d,3
113,107,e,3
122,18,d,4
160,152,t,0
87,193,d,1
183,121,d,1
164,17,d,4
75,117,d,3
14,89,d,2
130,103,t,0
163,22,t,0
101,106,d,3
111,175,d,3
182,172,d,3
111,107,d,3
192,149,d,3
87,173,d,1
61,109,d,3
61,57,d,1
60,145,d,1
148,182,d,3
175,19,d,4
124,80,d,4
18,34,d,2
85,111,d,3
117,13,d,4
69,76,d,4
82,175,d,1
128,53,d,4
35,19,d,4
176,26,e,1
126,55,d,4
72,145,d,1
193,41,d,4
53,133,d,1
16,150,d,2
185,33,d,4
137,17,d,4
137,76,d,4
105,13,d,1
135,122,d,3
186,155,d,3
138,12,d,4
33,18,d,4
87,80,d,4
184,14,d,4
139,18,d,4
58,173,d,3
21,143,d,2
24,15,d,4
67,81,e,4
22,78,d,2
63,50,d,1
104,115,d,3
52,113,d,3
25,75,t,0
165,65,d,4
182,119,d,1
87,59,d,4
139,53,d,4
53,84,e,1
48,13,d,4
18,40,d,2
19,24,d,2
102,105,e,1
137,118,d,3
82,173,d,1
26,115,t,0
144,112,d,3
196,167,d,3
25,19,d,4
128,171,d,3
55,108,d,1
24,141,d,2
90,131,d,3
144,72,d,4
19,79,d,2
116,20,t,0
176,97,d,1
122,103,t,0
142,107,d,3
169,172,d,3
147,111,d,3
124,83,e,4
53,151,t,0
75,104,t,0
190,173,d,3
182,96,d,1
189,141,d,3
176,87,d,1
159,63,d,4
189,139,d,3
103,63,d,4
132,114,d,3
89,109,d,3
80,180,d,1
185,51,d,4
193,15,d,4
60,171,d,3
149,57,d,4
53,149,d,1
21,79,d,2
60,125,d,1
4,186,d,2
13,10,d,4
196,49,d,4
103,71,d,4
136,75,d,4
49,145,t,0
114,182,d,3
15,16,d,2
15,180,d,3
125,134,d,3
99,137,d,3
177,118,d,3
67,138,d,1
190,180,d,3
188,157,d,3
179,82,d,1
168,166,t,0
126,65,d,4
151,65,d,4
184,143,d,3
171,80,d,1
156,110,d,3
179,62,d,4
193,26,d,4
115,126,d,3
18,63,d,2
82,114,d,3
98,69,d,4
38,169,t,0
104,64,d,4
38,179,d,3
64,78,d,4
122,180,d,3
108,23,t,0
87,195,d,1
126,18,d,4
189,50,d,4
136,58,d,4
63,111,d,3
58,103,t,0
49,140,t,0
75,107,e,3
142,68,d,4
197,142,d,3
165,14,d,4
70,177,d,1
13,183,d,3
191,58,d,4
94,127,d,3
67,41,d,1
50,135,d,1
89,15,d,1
18,136,d,2
127,170,d,3
172,96,d,1
39,172,d,3
124,117,d,3
6,9,d,2
118,15,d,4
55,65,d,1
60,107,e,2
115,82,e,2
17,171,d,2
24,144,e,2
152,59,d,4
85,185,d,1
100,77,d,4
107,78,d,4
181,29,d,4
80,178,d,1
157,187,d,3
168,78,d,4
61,189,d,3
156,169,d,3
173,76,d,4
179,113,d,1
120,115,d,3
175,98,d,1
101,102,t,0
24,99,d,2
105,79,d,4
50,74,d,1
64,185,d,3
158,68,d,4
125,56,d,4
26,16,d,4
184,121,d,1
115,77,d,4
79,1,d,1
173,166,t,0
14,100,d,2
187,45,d,4
182,126,d,3
184,16,d,4
153,170,d,3
67,11,d,4
172,18,d,4
76,9,d,1
83,184,d,1
106,185,d,1
179,24,d,4
179,123,d,3
108,129,d,3
142,124,d,3
188,178,d,3
133,126,d,3
119,111,d,3
73,177,d,1
157,125,d,3
120,125,d,3
176,156,e,1
16,7,d,4
197,36,d,4
175,56,d,4
125,174,d,3
20,171,d,3
69,151,t,0
41,182,d,3
121,184,d,3
152,57,d,4
13,13,d,2
84,37,t,0
192,25,d,4
85,9,d,1
93,25,t,0
36,176,d,3
174,63,d,4
54,105,e,2
104,177,d,1
14,15,d,2
59,169,t,0
124,56,d,4
97,83,d,4
144,80,d,4
115,80,d,4
24,91,d,2
107,105,d,3
186,69,d,1
79,104,t,0
160,85,t,0
166,182,d,3
164,84,e,1
152,50,d,4
176,119,d,3
17,176,d,3
141,119,d,3
18,153,d,2
181,120,d,1
131,172,d,3
25,97,d,2
116,184,d,3
170,68,d,4
54,14,d,4
17,183,d,3
23,78,d,2
121,176,d,3
76,69,d,4
166,133,d,3
60,186,d,3
26,126,t,0
185,13,d,4
164,20,t,0
28,26,t,0
70,178,d,1
162,74,d,4
189,72,d,1
24,161,e,2
144,12,d,4
137,66,d,4
146,68,d,4
197,149,d,3
164,87,t,0
125,116,d,3
182,31,d,4
128,61,d,4
194,136,d,3
87,83,e,1
129,18,d,4
190,158,d,3
128,182,d,3
189,131,d,3
180,149,d,3
195,45,d,4
160,54,d,4
153,80,d,4
148,119,d,3
19,93,d,2
164,95,t,0
115,54,d,4
184,122,d,1
13,138,d,2
196,148,d,3
69,84,e,1
92,153,t,0
135,124,d,3
22,133,d,2
50,124,d,1
132,14,d,4
73,121,d,3
2,189,d,3
177,12,d,4
142,21,t,0
162,181,d,3
85,190,d,1
113,169,t,0
174,187,d,3
19,87,d,2
42,19,d,4
45,144,t,0
183,122,d,1
172,84,d,1
16,122,d,2
165,61,d,4
195,37,d,4
185,138,d,3
181,111,d,1
65,18,d,1
175,102,d,1
93,79,d,4
140,56,d,4
98,4,d,1
184,167,d,3
40,13,d,4
69,105,d,3
166,62,d,4
90,116,d,3
83,172,d,1
16,85,d,2
54,167,t,0
166,82,e,1
66,76,d,4
88,192,d,1
13,77,d,2
167,173,d,3
171,138,d,3
64,15,d,4
112,74,d,4
178,172,d,3
88,169,t,0
133,84,d,4
20,130,d,2
26,62,t,0
115,128,d,3
183,61,d,4
192,133,d,3
105,114,d,3
144,119,d,3
173,67,d,4
59,185,d,3
125,78,d,4
134,105,e,2
86,110,d,3
158,173,d,3
100,60,d,4
69,145,d,1
112,73,d,4
140,80,d,4
114,83,e,2
126,20,t,0
150,123,d,3
56,136,d,1
82,76,d,4
26,159,t,0
129,171,d,3
182,125,d,3
48,22,t,0
88,128,d,3
183,48,d,4
15,155,d,2
93,56,d,4
14,42,d,2
142,75,d,4
170,85,d,1
67,180,d,3
20,33,d,2
64,181,d,3
185,135,d,3
134,62,d,4
30,18,d,4
51,111,d,1
85,105,e,3
18,81,d,2
154,81,d,4
148,55,d,4
22,161,d,2
186,113,d,1
185,31,d,4
143,37,t,0
131,173,d,3
165,105,e,3
190,60,d,1
83,6,d,1
37,166,t,0
49,61,t,0
37,23,t,0
164,102,t,0
66,147,d,1
113,126,d,3
152,170,d,3
16,11,d,4
135,106,d,3
118,106,e,1
188,132,d,3
73,13,d,1
158,167,t,0
10,16,d,2
19,20,d,2
28,169,d,3
170,91,d,1
48,138,t,0
20,133,d,2
159,175,d,3
112,75,d,4
22,62,d,2
37,170,d,3
22,159,d,2
154,17,d,4
128,170,d,3
28,128,t,0
180,179,d,3
153,70,d,4
155,64,d,4
21,39,d,2
114,141,d,3
58,145,d,1
127,131,d,3
48,42,t,0
51,37,t,0
171,114,d,3
27,184,d,3
23,118,d,2
60,179,d,3
85,184,d,1
156,20,t,0
118,18,d,4
147,16,d,4
28,178,d,3
16,57,d,2
149,86,t,0
23,174,d,3
112,76,d,4
184,105,d,1
172,111,d,1
13,176,d,2
120,168,t,0
68,172,d,1
144,107,d,3
125,13,d,4
96,127,d,3
177,81,d,1
177,16,d,4
96,85,t,0
25,141,t,0
22,106,e,3
23,80,d,2
183,54,d,4
51,16,d,4
21,45,d,2
176,66,d,4
163,113,d,3
170,109,d,1
187,132,d,3
76,181,d,1
79,84,e,1
151,107,d,3
173,61,d,4
151,55,d,4
70,12,d,1
72,178,d,1
20,11,d,4
100,129,d,3
181,14,d,4
177,111,d,1
16,41,d,2
69,13,d,1
79,182,d,1
188,119,d,1
17,125,d,2
115,113,d,3
103,114,d,3
25,57,d,2
76,148,d,1
124,186,d,3
170,93,d,1
193,9,d,4
183,36,d,4
186,107,d,1
141,127,d,3
39,18,d,4
76,187,d,3
91,63,d,4
19,82,d,2
25,65,t,0
53,17,d,4
184,77,d,1
27,109,t,0
22,168,d,2
77,13,d,1
169,84,d,1
30,175,d,3
76,184,d,1
147,116,d,3
47,117,t,0
96,124,d,3
174,14,d,4
184,72,d,1
94,114,d,3
21,28,d,2
173,105,d,1
147,65,d,4
107,80,d,4
92,184,d,1
84,105,e,2
83,109,d,3
151,168,t,0
144,111,d,3
24,170,d,3
25,119,t,0
64,80,d,4
181,114,d,1
138,51,d,4
12,34,d,2
153,13,d,4
66,171,d,1
80,123,d,3
120,35,t,0
165,15,d,4
158,101,t,0
21,152,d,2
47,126,t,0
61,78,d,4
163,99,t,0
150,110,d,3
23,100,d,2
16,152,d,2
23,50,d,2
18,183,d,3
138,168,t,0
125,176,d,3
34,17,d,4
139,14,d,4
158,22,t,0
19,14,d,4
140,63,d,4
11,24,d,2
166,105,d,1
157,130,d,3
199,22,d,4
56,42,d,1
141,112,d,3
161,59,d,4
16,182,d,3
128,107,d,3
63,107,e,3
146,39,t,0
149,104,t,0
74,183,d,1
165,86,d,1
21,131,d,2
136,77,d,4
141,17,d,4
19,101,d,2
24,158,e,2
130,172,d,3
141,166,t,0
154,171,d,3
168,110,d,3
64,110,d,3
84,108,d,3
57,103,t,0
35,173,d,3
66,83,d,4
25,175,d,3
185,168,d,3
20,79,d,2
138,104,t,0
12,16,d,2
21,54,d,2
50,152,t,0
138,60,d,4
164,115,d,3
87,121,d,3
124,130,d,3
141,104,t,0
132,118,d,3
114,21,t,0
159,179,d,3
69,171,d,1
11,16,d,2
126,122,d,3
17,165,d,2
170,118,d,3
24,67,d,2
148,83,d,4
122,137,d,3
130,175,d,3
180,117,d,1
26,76,t,0
63,82,e,2
113,12,d,4
14,16,d,2
195,141,d,3
101,130,d,3
93,76,d,4
92,84,e,4
97,108,d,3
183,40,d,4
130,163,t,0
64,49,d,1
15,166,d,2
39,181,d,3
137,20,d,4
86,191,d,1
89,112,d,3
83,83,e,1
181,64,d,4
61,17,d,4
158,119,d,3
163,96,t,0
117,133,d,3
120,172,d,3
14,174,d,2
161,79,d,4
173,63,d,4
175,122,d,3
173,15,d,4
108,109,d,3
99,127,d,3
61,172,d,3
127,136,d,3
79,4,d,1
122,152,t,0
96,111,d,3
131,174,d,3
116,117,d,3
24,179,d,3
188,174,d,3
49,170,d,3
67,182,d,3
121,58,d,4
76,117,d,3
100,68,d,4
172,108,d,1
186,105,d,1
68,85,t,0
170,98,d,1
187,130,d,3
90,115,d,3
112,114,d,3
137,104,t,0
199,12,d,4
168,16,d,4
185,104,d,1
30,15,d,4
78,83,e,4
185,102,d,1
50,165,t,0
101,84,e,1
98,109,d,3
15,171,d,2
146,19,d,4
174,70,d,4
106,109,d,3
93,195,d,1
110,108,d,3
185,17,d,4
117,85,d,4
132,169,t,0
83,116,d,3
173,101,d,1
168,71,d,4
182,76,d,1
171,77,d,4
172,78,d,1
25,72,d,2
13,154,d,2
123,118,d,3
97,167,t,0
188,49,d,4
178,68,d,4
115,66,d,4
161,83,e,4
190,81,d,1
71,10,d,1
20,85,d,2
22,165,e,2
72,148,d,1
187,148,d,3
196,30,d,4
136,66,d,4
62,177,d,3
140,127,d,3
174,37,t,0
173,156,t,0
171,62,d,4
95,54,d,4
16,53,d,2
158,124,d,3
138,125,d,3
106,74,d,4
141,172,d,3
20,184,d,3
160,119,d,3
190,135,d,3
48,74,t,0
22,36,e,3
141,131,d,3
65,172,d,1
16,169,d,2
75,115,d,3
79,172,d,1
13,181,d,3
84,64,d,4
42,170,d,3
78,186,d,1
137,116,d,3
48,45,t,0
51,170,d,3
166,137,d,3
196,171,d,3
187,144,d,3
170,20,t,0
167,14,d,4
64,184,d,3
167,123,d,3
185,140,d,3
90,198,d,1
59,170,d,3
186,66,d,1
152,135,d,3
89,121,d,3
89,197,d,1
159,53,d,4
151,72,d,4
118,75,d,4
184,127,d,3
193,137,d,3
70,55,d,1
146,103,t,0
48,80,t,0
151,54,d,4
154,176,d,3
197,139,d,3
144,83,e,1
112,183,d,3
187,137,d,3
16,186,d,3
1,191,d,3
187,61,d,4
174,176,d,3
15,34,d,2
130,108,d,3
98,107,e,3
196,155,d,3
156,112,d,3
68,14,d,1
110,133,d,3
192,128,d,1
19,89,d,2
131,185,d,3
38,17,d,4
80,105,d,3
78,86,t,0
51,124,d,1
169,57,d,4
90,192,d,1
38,171,d,3
79,190,d,3
92,197,d,1
174,170,d,3
180,125,d,3
133,16,d,4
23,84,d,2
45,80,t,0
27,50,t,0
189,132,d,3
13,170,d,2
53,139,d,1
149,180,d,3
188,141,d,3
170,17,d,4
170,86,d,1
90,129,d,3
77,10,d,1
70,106,d,3
114,80,d,4
137,75,d,4
156,109,e,1
133,136,d,3
189,19,d,4
117,108,d,3
19,18,d,4
120,170,d,3
113,59,d,4
145,67,d,4
32,21,t,0
37,19,d,4
176,58,d,4
165,82,e,1
103,82,e,1
89,106,d,3
20,31,d,2
123,114,d,3
70,41,d,1
106,128,d,3
97,106,d,3
90,111,d,3
79,9,d,1
152,183,d,3
134,134,d,3
158,171,d,3
67,21,t,0
189,78,d,1
63,139,d,1
42,175,d,3
135,56,d,4
196,14,d,4
131,106,d,3
144,110,d,3
23,89,d,2
23,21,d,4
18,137,d,2
140,180,d,3
97,130,d,3
48,145,t,0
83,110,d,3
169,109,d,1
141,113,d,3
21,26,d,2
48,75,t,0
198,29,d,4
81,189,d,1
15,73,d,2
190,38,d,4
31,170,d,3
5,187,d,3
16,155,d,2
113,168,t,0
67,103,t,0
188,66,d,1
130,19,d,4
170,18,d,4
76,108,d,3
189,81,d,1
147,127,d,3
25,87,t,0
15,95,d,2
16,16,d,2
62,47,d,1
11,180,d,3
114,169,d,3
121,135,d,3
127,22,t,0
26,83,t,0
158,114,d,3
178,132,d,3
53,112,d,1
135,185,d,3
82,191,d,1
131,22,t,0
119,79,d,4
183,76,d,1
68,9,d,4
21,19,d,4
191,133,d,3
19,62,d,2
14,121,d,2
184,185,d,3
91,183,d,1
136,172,d,3
152,152,t,0
155,173,d,3
132,21,t,0
182,153,d,3
7,180,d,2
174,109,d,1
102,53,d,4
165,18,d,4
58,177,d,3
145,189,d,3
29,185,d,3
26,20,t,0
23,94,e,2
124,171,d,3
26,134,t,0
7,189,d,3
179,126,d,3
24,95,e,2
30,172,d,3
186,15,d,4
56,150,t,0
181,42,d,4
111,57,d,4
191,23,d,4
149,106,d,3
65,80,d,4
195,50,d,4
48,133,t,0
53,41,d,1
26,171,d,3
151,16,d,4
189,172,d,3
48,144,t,0
94,82,e,1
118,77,d,4
154,119,d,3
186,149,d,3
17,18,d,2
193,56,d,4
170,52,d,4
55,57,d,1
183,124,d,3
103,57,d,4
126,81,d,4
114,84,e,2
65,171,d,1
86,178,d,1
189,54,d,4
25,45,t,2
162,115,d,3
21,161,d,2
54,175,d,3
88,126,d,3
72,20,t,0
196,182,d,3
180,120,d,1
71,78,d,4
23,153,e,4
176,141,d,3
128,138,d,3
17,175,d,3
25,116,t,0
182,113,d,1
31,184,d,3
109,70,d,4
112,118,d,3
68,147,d,1
23,81,d,2
53,56,d,1
47,57,t,0
93,121,d,3
69,174,d,1
152,63,d,4
173,104,d,1
86,196,d,1
192,130,d,1
182,75,d,1
29,22,t,0
181,124,d,3
180,153,d,3
16,91,d,2
14,12,d,4
142,177,d,3
124,81,d,4
179,77,d,1
181,137,d,3
181,145,d,3
60,184,d,3
116,123,d,3
135,187,d,3
85,193,d,1
19,165,d,2
147,184,d,3
32,172,d,3
187,129,d,3
24,148,d,2
166,98,e,1
61,185,d,3
130,168,t,0
84,130,d,3
21,51,d,2
179,64,d,4
182,176,d,3
75,15,d,1
176,115,d,1
56,167,t,0
75,4,d,4
181,159,d,3
83,18,d,1
93,186,d,1
124,21,t,0
179,169,d,3
22,60,d,2
99,12,d,1
177,68,d,4
20,45,d,2
46,62,t,0
178,26,d,4
49,48,t,0
157,114,d,3
20,164,d,2
21,99,d,2
21,52,d,2
165,77,d,4
49,128,t,0
20,74,d,2
101,9,d,1
87,86,t,0
191,136,d,3
175,168,e,1
106,79,d,4
23,36,e,3
169,180,d,3
145,58,d,4
166,178,d,3
15,56,d,2
132,67,d,4
46,124,t,0
23,165,e,2
157,79,d,4
122,86,t,0
147,135,d,3
176,157,e,3
127,111,d,3
146,174,d,3
171,83,d,1
56,15,d,4
180,116,d,1
139,21,t,0
150,125,d,3
81,10,d,1
177,95,d,1
180,121,d,3
19,160,d,2
177,78,d,1
53,177,d,3
135,79,d,4
14,41,d,2
91,124,d,3
127,110,d,3
168,109,d,3
117,173,d,3
38,19,d,4
16,14,d,4
75,174,d,1
59,17,d,4
89,119,d,3
26,170,d,3
107,115,d,3
80,7,d,1
95,112,d,3
137,82,d,4
22,115,d,2
19,112,d,2
81,188,d,1
183,22,d,4
152,111,d,3
161,16,d,4
10,181,d,3
30,16,d,4
164,78,d,4
23,35,e,3
148,108,d,3
153,172,d,3
125,166,t,0
196,40,d,4
14,181,d,3
111,63,d,4
196,51,d,4
51,180,d,3
87,170,d,1
67,113,d,3
80,40,d,1
88,104,t,0
134,111,d,3
81,17,d,1
50,184,d,3
73,109,d,3
23,125,e,2
125,83,d,4
150,167,t,0
160,182,d,3
129,111,d,3
38,12,d,4
26,18,d,4
13,169,d,2
172,76,d,4
51,59,d,1
53,174,d,3
177,101,d,1
132,55,d,4
182,115,d,1
174,179,d,3
161,100,t,0
144,56,d,4
189,44,d,4
21,60,d,2
184,68,d,1
49,131,t,0
194,171,d,3
135,168,t,0
166,170,d,3
83,80,d,4
149,14,d,4
181,50,d,4
165,89,d,1
116,14,d,4
15,128,d,2
192,185,d,3
153,183,d,3
114,82,e,4
23,181,d,3
153,124,d,3
146,175,d,3
166,96,e,1
25,108,d,2
94,168,t,0
174,105,d,1
131,105,d,3
20,109,d,2
116,177,d,3
106,80,e,1
112,173,d,3
13,104,d,2
5,9,d,2
65,84,e,2
147,85,d,4
150,79,d,4
28,113,t,0
158,55,d,4
168,130,d,3
188,123,d,1
101,63,d,4
21,68,d,2
18,52,d,2
14,72,d,2
52,112,d,1
127,151,t,0
153,130,d,3
152,134,d,3
178,81,d,1
15,127,d,2
24,27,e,2
157,179,d,3
151,77,d,4
129,104,d,3
80,186,d,1
88,71,d,4
26,169,t,0
169,64,d,4
82,4,d,1
9,185,d,3
93,115,d,3
20,141,d,2
45,16,d,4
95,191,d,1
113,69,d,4
96,110,d,3
139,83,d,4
68,177,d,1
104,111,d,3
128,66,d,4
197,43,d,4
128,57,d,4
116,75,d,4
20,49,d,2
154,172,d,3
94,75,d,4
60,85,t,0
90,109,e,2
151,22,t,0
134,36,t,0
72,179,d,1
134,39,t,0
76,58,d,4
100,80,d,4
14,151,d,2
168,99,d,1
57,167,t,0
150,77,d,4
194,133,d,1
183,135,d,3
130,105,d,3
122,105,e,1
133,180,d,3
134,83,e,2
81,107,e,2
101,73,d,4
19,97,d,2
26,55,t,0
24,177,d,3
75,83,e,2
88,80,d,4
113,56,d,4
56,49,d,3
90,113,d,3
105,80,e,1
164,131,d,3
150,121,d,3
188,134,d,3
119,170,d,3
62,126,d,1
66,80,d,4
116,62,d,4
178,16,d,4
116,106,e,3
193,143,d,3
136,52,d,4
159,15,d,4
187,119,d,1
143,16,d,4
18,124,d,2
52,44,d,3
113,13,d,4
99,113,d,3
115,18,d,4
185,111,d,1
60,108,e,2
113,124,d,3
197,13,d,4
180,66,d,4
171,92,d,1
187,123,d,1
21,35,d,2
86,107,e,3
35,15,d,4
10,10,d,2
176,22,d,4
188,183,d,3
46,170,d,3
22,176,d,3
78,79,d,4
77,111,d,3
105,136,d,3
23,83,e,2
14,116,d,2
118,110,d,3
24,101,e,2
13,145,d,2
162,63,d,4
176,178,d,3
137,73,d,4
50,117,d,1
184,116,d,1
59,165,t,0
22,146,e,3
59,176,d,3
22,76,d,2
15,54,d,2
111,132,d,3
180,123,d,3
11,175,d,2
119,169,t,0
28,132,t,0
107,107,d,3
67,12,d,4
58,135,d,1
23,79,d,2
133,169,t,0
66,144,d,1
48,127,t,0
74,123,d,3
121,15,d,4
95,82,d,4
85,62,d,4
163,171,d,3
120,119,d,3
137,38,t,0
6,189,d,3
167,186,d,3
24,153,e,4
133,12,d,4
182,83,d,1
97,2,d,1
102,189,d,1
22,93,d,2
184,25,d,4
25,89,d,2
127,125,d,3
96,105,e,2
61,22,t,0
30,170,d,3
165,74,d,4
152,178,d,3
49,180,d,3
122,108,d,3
138,108,d,3
53,125,d,1
21,18,d,4
61,20,t,0
156,24,t,0
97,16,d,1
10,115,d,2
19,56,d,2
182,12,d,4
13,16,d,2
119,107,e,1
88,178,d,1
157,111,d,3
161,73,d,4
88,12,d,1
168,56,d,4
123,137,d,3
92,114,d,3
142,80,d,4
154,110,d,3
24,17,d,4
22,119,d,2
156,76,d,4
136,88,t,0
56,45,d,1
77,75,d,4
186,128,d,3
126,77,d,4
124,76,d,4
9,11,d,2
169,170,d,3
194,173,d,3
188,72,d,1
117,107,d,3
20,135,d,2
66,143,d,1
143,63,d,4
95,63,d,4
103,61,d,4
18,148,d,2
177,181,d,3
91,122,d,3
176,80,d,1
199,14,d,4
15,142,d,2
141,71,d,4
177,74,d,1
168,102,d,1
22,117,d,2
174,155,t,0
92,68,d,4
90,124,d,3
164,127,d,3
18,87,d,2
175,91,d,1
161,113,d,3
63,41,d,1
52,135,d,1
76,21,t,0
99,186,d,1
191,27,d,4
18,103,d,2
37,171,d,3
169,119,d,3
67,17,d,1
172,119,d,3
162,15,d,4
174,104,d,1
68,77,d,4
109,66,d,4
169,94,d,1
14,179,d,3
77,81,d,4
160,22,t,0
68,16,d,1
76,180,d,1
51,173,d,3
126,105,e,1
116,76,d,4
169,18,d,4
192,145,d,3
68,171,d,1
144,84,e,1
142,134,d,3
180,168,d,3
97,132,d,3
21,17,d,4
114,115,d,3
61,176,d,3
87,171,d,1
97,60,d,4
189,107,d,1
128,18,d,4
182,59,d,4
87,5,d,1
74,78,d,4
185,81,d,1
62,14,d,4
84,78,d,4
185,29,d,4
102,127,d,3
91,61,d,4
59,152,t,0
75,192,d,3
67,179,d,3
103,75,d,4
23,114,e,2
182,24,d,4
21,97,d,2
74,106,e,2
196,45,d,4
14,43,d,2
33,20,t,0
142,52,d,4
182,74,d,1
98,134,d,3
94,85,t,0
187,55,d,4
82,111,d,3
23,98,d,2
149,19,d,4
59,18,d,4
142,105,e,2
67,172,d,1
139,120,d,3
171,117,d,3
23,134,e,3
84,60,d,4
163,97,t,0
18,20,d,2
74,178,d,1
140,79,d,4
64,17,d,1
114,39,t,0
22,20,d,4
106,133,d,3
62,175,d,3
130,118,d,3
99,71,d,4
131,181,d,3
106,75,d,4
156,67,d,4
99,192,d,1
19,117,d,2
125,19,d,4
124,132,d,3
16,25,d,2
175,94,d,1
182,131,d,3
111,170,d,3
136,110,d,3
3,189,d,3
138,80,d,4
16,15,d,4
167,95,d,1
84,115,d,3
154,83,e,2
20,23,d,2
73,184,d,3
185,92,d,1
174,64,d,4
149,83,d,4
24,84,e,3
85,189,d,1
17,34,d,2
156,85,t,4
20,53,d,2
18,64,d,2
70,85,d,4
16,45,d,2
128,71,d,4
65,83,e,4
147,17,d,4
17,31,d,2
125,52,d,4
182,180,d,3
65,176,d,3
142,84,e,4
24,77,e,2
100,130,d,3
14,19,d,2
36,18,d,4
174,180,d,3
15,77,d,2
151,81,d,4
64,104,t,0
173,183,d,3
160,121,d,3
164,104,t,0
160,35,t,0
132,12,d,4
100,86,t,0
75,187,d,3
152,115,d,3
24,154,e,4
176,134,d,3
118,13,d,4
116,174,d,3
64,186,d,3
155,73,d,4
170,113,d,3
117,14,d,4
121,50,d,4
181,93,d,1
76,178,d,1
137,77,d,4
185,72,d,1
20,24,d,2
110,37,t,0
124,84,d,4
50,143,d,1
72,108,d,3
149,84,d,4
167,80,d,4
59,44,d,1
13,17,d,2
24,159,e,2
156,123,d,3
190,52,d,4
74,108,d,3
76,11,d,1
17,23,d,2
35,181,d,3
177,120,d,3
33,175,d,3
138,20,t,0
122,177,d,3
188,128,d,1
185,155,d,3
184,29,d,4
94,125,d,3
94,196,d,1
190,129,d,1
62,19,d,1
25,80,t,0
23,102,d,2
187,135,d,3
103,126,d,3
97,58,d,4
15,106,d,2
194,80,d,1
167,111,d,3
68,11,d,4
81,172,d,1
187,66,d,1
88,90,t,0
178,125,d,3
62,13,d,4
170,104,d,1
181,116,d,1
67,176,d,1
121,120,d,3
76,186,d,1
159,183,d,3
177,109,d,1
101,168,t,0
181,73,d,1
159,121,d,3
66,172,d,1
143,185,d,3
187,152,d,3
138,119,d,3
116,135,d,3
186,117,d,1
20,131,d,2
52,171,d,3
152,173,d,3
18,145,d,2
181,74,d,1
21,167,d,2
79,6,d,1
172,60,d,4
128,173,d,3
113,84,e,2
186,175,d,3
182,123,d,3
27,14,d,4
176,76,d,1
139,64,d,4
127,17,d,4
131,122,d,3
18,79,d,2
176,125,d,3
147,171,d,3
117,18,d,4
25,17,d,4
15,31,d,2
154,111,d,3
141,12,d,4
129,173,d,3
168,19,d,4
52,43,d,3
186,85,d,1
126,17,d,4
175,16,d,4
130,85,t,0
177,94,d,1
175,99,d,1
20,82,d,2
14,55,d,2
24,104,e,3
174,91,d,1
70,144,d,1
181,174,d,3
143,127,d,3
86,192,d,1
64,147,d,1
158,170,d,3
62,170,d,1
138,169,d,3
6,183,d,2
195,39,d,4
22,13,d,4
31,20,t,0
143,130,d,3
71,143,d,1
84,2,d,1
190,57,d,4
83,81,d,4
95,52,d,4
29,18,d,4
176,78,d,1
31,19,d,4
0,190,d,2
86,74,d,4
159,107,d,3
139,84,e,1
123,16,d,4
142,62,d,4
173,136,d,3
6,192,d,3
51,67,d,1
158,110,d,3
65,174,d,1
74,177,d,1
139,172,d,3
114,109,d,3
60,22,t,0
18,114,d,2
166,84,e,1
41,176,d,3
122,172,d,3
179,109,d,1
187,115,d,1
183,25,d,4
85,122,d,3
182,112,d,1
185,125,d,1
175,166,d,3
168,184,d,3
91,57,d,4
72,78,d,4
191,154,d,3
94,8,d,1
50,147,d,4
108,106,d,3
129,82,d,4
19,188,d,3
134,106,e,2
20,142,d,2
180,165,d,3
119,74,d,4
91,79,d,4
60,182,d,3
56,56,d,1
80,169,t,0
191,151,d,3
79,70,d,4
192,140,d,3
47,187,d,3
56,105,e,2
59,148,d,1
71,186,d,3
151,178,d,3
112,178,d,3
89,71,d,4
98,67,d,4
180,92,d,1
108,68,d,4
62,65,d,1
64,40,d,1
187,63,d,1
14,82,d,2
26,98,t,0
72,174,d,1
121,18,d,4
187,19,d,4
148,135,d,3
154,174,d,3
139,176,d,3
156,65,d,4
122,176,d,3
190,14,d,4
195,11,d,4
176,77,d,1
109,84,d,4
73,17,d,1
133,52,d,4
20,21,d,2
25,114,t,0
146,105,e,2
165,132,d,3
130,176,d,3
162,134,d,3
132,107,d,3
83,114,d,3
53,53,d,1
111,78,d,4
135,62,d,4
84,87,t,0
26,32,t,0
14,73,d,2
162,86,t,0
70,15,d,1
121,111,d,3
149,12,d,4
150,64,d,4
98,126,d,3
155,17,d,4
137,169,t,0
1,192,d,3
19,96,d,2
182,62,d,4
153,113,d,3
179,186,d,3
17,126,d,2
191,138,d,3
193,146,d,3
104,59,d,4
111,184,d,3
18,102,d,2
143,173,d,3
185,128,d,3
78,122,d,3
101,57,d,4
51,109,d,1
119,108,d,3
141,173,d,3
133,78,d,4
16,35,d,2
85,82,d,4
19,154,d,2
25,176,d,3
54,138,d,1
17,88,d,2
24,113,d,2
50,53,d,1
60,174,d,3
138,185,d,3
176,14,d,4
170,70,d,4
190,165,d,3
18,173,d,3
159,117,d,3
54,60,d,1
116,81,d,4
23,49,d,2
14,156,d,2
44,178,d,3
71,19,d,1
84,188,d,1
130,21,t,0
174,106,d,1
92,130,d,3
97,177,d,1
67,116,d,3
125,115,d,3
81,177,d,1
171,21,t,0
49,63,t,0
148,178,d,3
146,116,d,3
12,187,d,3
150,112,d,3
87,119,d,3
24,111,d,2
74,75,d,4
157,58,d,4
62,106,e,2
53,47,d,3
169,55,d,4
188,43,d,4
19,128,d,2
16,156,d,2
20,25,d,2
121,82,e,2
189,46,d,4
165,128,d,3
96,69,d,4
185,164,d,3
73,73,d,4
171,128,d,3
17,142,d,2
153,187,d,3
53,123,d,1
164,80,d,4
47,171,d,3
54,42,d,1
103,186,d,1
93,114,d,3
16,187,d,3
150,113,d,3
21,63,d,2
159,103,t,0
78,70,d,4
176,132,d,3
156,125,d,3
187,81,d,1
11,124,d,2
124,85,t,0
184,103,d,1
13,27,d,2
16,96,d,2
116,113,d,3
106,117,d,3
63,13,d,4
158,76,d,4
112,176,d,3
182,136,d,3
83,189,d,1
185,21,d,4
49,60,d,1
170,19,d,4
113,82,d,4
104,119,d,3
42,169,t,0
78,177,d,1
70,172,d,1
69,187,d,3
30,169,t,0
181,70,d,1
157,15,d,4
128,136,d,3
123,171,d,3
178,78,d,1
31,172,d,3
69,108,d,3
64,16,d,1
179,177,d,3
192,46,d,4
15,113,d,2
187,68,d,1
51,110,d,1
12,174,d,2
194,183,d,3
40,187,d,3
119,69,d,4
98,172,d,1
50,139,d,1
173,16,d,4
51,84,e,2
16,29,d,2
194,54,d,4
177,51,d,4
61,56,d,1
51,146,d,4
174,84,d,1
63,78,d,4
181,76,d,1
88,108,d,3
187,138,d,3
64,82,e,4
48,62,t,0
181,62,d,4
48,175,d,3
57,44,d,1
153,37,t,0
24,48,d,2
186,119,d,1
21,110,d,2
131,177,d,3
20,173,d,3
99,108,e,3
22,29,d,2
196,47,d,4
159,181,d,3
113,173,d,3
155,131,d,3
176,155,e,1
64,174,d,1
111,173,d,3
180,68,d,4
180,105,d,1
183,20,d,4
36,168,t,0
24,100,d,2
156,83,d,4
142,174,d,3
190,136,d,3
68,15,d,1
76,188,d,3
171,96,d,1
172,94,d,1
178,74,d,1
95,50,d,4
61,18,d,4
63,14,d,4
167,13,d,4
106,139,d,3
109,169,t,0
11,55,d,2
193,166,d,3
82,84,e,1
87,82,d,4
12,176,d,2
55,172,d,3
105,124,d,3
28,159,t,0
13,172,d,2
171,93,d,1
158,20,t,0
14,140,d,2
176,20,d,4
46,111,t,0
81,193,d,3
22,34,e,2
113,113,d,3
155,179,d,3
67,107,e,1
147,18,d,4
23,171,d,3
90,110,d,3
58,46,d,1
166,179,d,3
139,105,d,3
61,11,d,4
90,197,d,1
129,77,d,4
190,18,d,4
112,110,d,3
173,185,d,3
22,66,d,2
66,106,e,3
160,111,d,3
48,60,t,0
65,125,d,3
97,56,d,4
113,67,d,4
138,107,d,3
77,147,d,1
180,70,d,1
73,171,d,1
148,76,d,4
71,39,t,0
20,112,d,2
53,18,d,4
78,109,d,3
65,121,d,3
47,110,t,0
152,138,d,3
143,20,t,0
138,177,d,3
19,124,d,2
96,116,d,3
173,35,t,0
160,130,d,3
163,129,d,3
101,124,d,3
123,169,t,0
51,57,d,1
92,82,d,4
58,17,d,4
183,44,d,4
177,20,d,4
193,51,d,4
43,179,d,3
179,125,d,3
15,21,d,2
165,85,e,1
139,104,d,3
48,18,d,4
184,67,d,1
94,154,t,0
25,117,t,0
175,173,d,3
178,80,d,1
177,64,d,4
12,37,d,2
164,171,d,3
105,110,d,3
176,74,d,1
149,85,t,0
20,124,d,2
25,66,t,0
170,87,d,1
30,182,d,3
40,170,d,3
100,83,d,4
91,69,d,4
24,74,e,4
127,82,e,4
72,105,d,3
84,12,d,1
84,128,d,3
119,168,t,0
153,18,d,4
80,72,d,4
131,61,d,4
86,109,d,3
188,55,d,4
175,22,e,1
176,154,e,1
26,92,t,0
136,80,d,4
153,134,d,3
20,81,d,2
126,109,d,3
117,82,d,4
83,9,d,1
115,83,d,4
171,94,d,1
77,105,e,2
199,179,d,3
111,81,e,2
84,83,e,1
132,18,d,4
26,49,t,0
109,115,d,3
80,121,d,3
27,171,d,3
88,57,d,4
160,71,d,4
195,24,d,4
83,191,d,1
43,21,t,0
167,113,d,3
157,110,d,3
87,198,d,3
152,19,d,4
109,109,d,3
166,76,d,4
42,172,d,3
102,13,d,1
49,138,t,0
155,75,d,4
146,156,t,0
138,85,t,4
13,31,d,2
28,150,t,0
189,11,d,4
64,108,d,3
23,186,d,3
173,71,d,4
175,169,d,3
29,187,d,3
44,176,d,3
13,125,d,2
147,105,e,2
185,67,d,1
24,33,e,2
26,168,t,0
115,75,d,4
19,127,d,2
142,166,t,0
20,103,d,2
54,43,d,1
21,82,d,2
116,188,d,3
16,181,d,3
156,91,t,0
78,72,d,4
155,66,d,4
174,23,t,0
155,167,t,0
162,23,t,0
175,137,d,3
22,141,d,2
40,18,d,4
179,75,d,1
190,33,d,4
145,12,d,4
163,65,d,4
64,109,d,3
83,118,d,3
187,120,d,1
125,167,t,0
122,16,d,4
60,11,d,4
24,82,e,2
175,184,d,3
148,16,d,4
106,77,d,4
160,102,t,0
48,68,t,0
69,180,d,3
88,11,d,1
172,179,d,3
149,172,d,3
180,145,d,3
76,183,d,1
127,19,d,4
57,139,d,1
142,78,d,4
18,177,d,3
173,53,d,4
84,121,d,3
21,150,d,2
21,43,e,2
188,47,d,4
60,81,e,2
162,170,d,3
55,175,d,3
51,45,d,3
129,84,d,4
75,86,t,0
98,79,d,4
26,44,t,0
187,136,d,3
19,151,d,2
191,21,d,4
62,52,d,1
185,68,d,1
93,185,d,1
11,184,d,3
23,155,e,4
151,127,d,3
23,76,d,2
143,83,e,4
185,80,d,1
73,114,d,3
29,106,t,0
21,84,e,2
143,59,d,4
157,38,t,0
138,17,d,4
51,65,d,1
173,169,t,0
171,68,d,4
161,109,d,3
131,19,d,4
182,120,d,1
74,83,e,2
7,187,d,3
175,15,d,4
164,185,d,3
159,104,d,3
176,96,d,1
63,137,d,1
129,177,d,3
82,192,d,1
178,14,d,4
186,134,d,3
130,169,t,0
106,63,d,4
164,74,d,4
38,172,d,3
90,178,d,1
124,173,d,3
176,84,d,1
127,53,d,4
192,48,d,4
54,147,d,1
62,182,d,3
22,24,d,2
168,22,t,0
56,169,t,0
34,13,d,4
160,69,d,4
193,168,d,3
62,147,d,1
37,181,d,3
95,121,d,3
75,111,d,3
182,26,d,4
8,13,d,2
51,172,d,3
24,28,e,3
14,173,d,2
17,104,d,2
130,83,d,4
174,172,d,3
25,173,d,3
83,194,d,3
169,91,d,1
53,107,e,2
12,15,d,2
168,17,d,4
22,32,e,2
177,162,e,4
143,111,d,3
178,165,d,3
144,82,e,4
132,11,d,4
136,106,e,3
78,113,d,3
125,16,d,4
133,121,d,3
16,128,d,2
60,147,d,1
85,109,d,3
148,171,d,3
184,107,d,1
16,12,d,4
170,82,d,1
14,118,d,2
104,167,t,0
164,70,d,4
175,155,e,3
64,180,d,3
166,101,d,1
86,197,d,3
191,130,d,1
181,139,d,3
49,127,d,1
178,115,d,1
192,173,d,3
63,184,d,3
29,27,t,0
179,71,d,1
90,123,d,3
176,83,d,1
14,141,d,2
164,66,d,4
159,171,d,3
120,174,d,3
127,20,t,0
17,152,d,2
29,162,t,0
54,176,d,3
161,67,d,4
25,177,d,3
18,14,d,4
150,67,d,4
22,120,d,2
139,20,d,4
149,16,d,4
163,172,d,3
122,79,d,4
20,59,d,2
194,46,d,4
81,113,d,3
56,111,d,3
186,61,d,4
108,124,d,3
179,73,d,1
103,81,e,4
75,43,d,1
79,105,d,3
174,79,d,1
178,119,d,3
160,87,t,0
19,26,d,2
73,18,d,1
23,61,d,2
144,39,t,0
50,111,d,3
115,17,d,4
158,106,d,3
75,184,d,1
140,178,d,3
142,81,d,4
24,34,e,3
88,79,d,4
186,125,d,1
95,71,d,4
162,103,t,0
169,63,d,4
168,132,d,3
89,22,t,0
166,19,d,4
133,56,d,4
134,170,d,3
136,107,e,3
106,151,t,0
112,125,d,3
16,165,d,2
98,191,d,1
94,3,d,1
68,55,d,1
183,46,d,4
175,113,d,1
189,148,d,3
26,82,t,0
25,156,t,0
17,146,d,2
163,101,t,0
16,115,d,2
67,19,d,1
16,166,d,2
175,21,e,4
191,53,d,4
106,182,d,3
161,102,t,0
124,140,d,3
191,174,d,3
25,159,t,0
84,179,d,1
19,145,d,2
180,169,d,3
136,185,d,3
50,123,d,1
59,144,d,1
153,111,d,3
32,169,t,0
21,163,d,2
154,115,d,3
136,180,d,3
109,123,d,3
186,146,d,3
134,16,d,4
32,22,t,0
24,53,e,2
137,109,d,3
14,132,d,2
170,96,d,1
22,150,d,2
69,8,d,4
139,114,d,3
21,139,d,2
163,83,e,4
51,130,d,1
183,72,d,1
170,79,d,4
11,178,d,2
20,136,d,2
23,75,e,2
132,178,d,3
145,79,d,4
141,18,d,4
33,15,d,4
148,57,d,4
21,96,d,2
177,58,d,4
115,191,d,3
183,141,d,3
96,65,d,4
185,93,d,1
59,178,d,3
119,114,d,3
60,53,d,1
102,108,e,3
169,93,d,1
184,78,d,1
120,83,d,4
192,39,d,4
25,48,t,0
155,107,e,1
15,94,d,2
138,123,d,3
170,10,d,4
189,179,d,3
144,176,d,3
41,168,t,0
14,134,d,2
186,167,d,3
52,172,d,3
180,64,d,4
43,172,d,3
77,189,d,3
181,81,d,1
111,15,d,4
176,104,d,1
145,15,d,4
58,20,t,0
57,18,d,4
185,152,d,3
77,109,d,3
170,77,d,4
126,125,d,3
67,80,d,4
79,185,d,1
119,110,d,3
22,22,e,2
134,19,d,4
27,80,t,0
102,79,d,4
57,22,t,0
95,110,d,3
22,177,d,3
162,60,d,4
178,70,d,4
55,138,d,1
56,106,e,3
81,5,d,1
195,29,d,4
150,53,d,4
23,149,d,2
19,17,d,4
69,148,d,1
164,13,d,4
98,80,d,4
47,19,d,4
73,174,d,1
16,26,d,2
19,80,d,2
21,71,d,2
144,105,e,2
174,20,t,0
84,17,d,1
118,126,d,3
75,109,d,3
86,108,e,3
105,117,d,3
162,113,d,3
49,174,d,3
189,115,d,1
86,116,d,3
87,79,d,4
17,59,d,2
144,20,t,0
86,12,d,1
92,39,t,0
179,60,d,4
131,107,d,3
51,139,d,1
66,173,d,1
189,173,d,3
15,20,d,2
40,184,d,3
25,88,d,2
12,10,d,4
56,64,d,1
54,134,d,1
96,86,t,0
186,63,d,4
183,149,d,3
118,169,t,0
79,187,d,1
48,173,d,3
22,99,d,2
170,81,d,1
177,107,d,1
53,131,d,1
123,125,d,3
58,143,d,1
136,13,d,4
195,182,d,3
85,13,d,1
184,100,d,1
71,174,d,1
172,114,d,3
80,6,d,1
23,64,d,2
139,16,d,4
8,183,d,3
175,77,d,1
143,14,d,4
153,60,d,4
187,143,d,3
98,78,d,4
8,16,d,2
22,49,d,2
96,113,d,3
20,159,d,2
131,111,d,3
169,169,t,0
139,37,t,0
109,137,d,3
44,169,t,0
172,20,t,0
9,177,d,2
31,169,t,0
186,58,d,4
82,178,d,1
170,25,t,0
56,48,d,1
169,130,d,3
106,187,d,3
44,19,d,4
174,86,d,1
99,112,d,3
20,37,e,2
42,166,t,0
115,20,t,0
116,39,t,0
19,78,d,2
158,153,t,0
191,179,d,3
10,12,d,2
154,121,d,3
17,62,d,2
187,50,d,4
162,80,d,4
172,167,t,0
185,115,d,1
61,143,d,1
59,139,d,1
14,162,d,2
155,151,t,0
66,111,d,3
25,149,d,2
190,133,d,3
25,29,t,0
173,93,d,1
15,110,d,2
15,24,d,2
135,129,d,3
64,172,d,1
189,52,d,4
191,145,d,3
54,145,d,1
56,80,d,4
47,127,t,0
181,63,d,4
196,157,d,3
135,12,d,4
134,109,d,3
151,103,t,0
21,100,d,2
180,181,d,3
101,122,d,3
116,78,d,4
12,11,d,4
155,181,d,3
145,109,d,3
112,169,t,0
16,24,d,2
22,125,d,2
34,173,d,3
175,112,d,1
176,15,d,4
21,88,d,2
102,119,d,3
15,13,d,4
74,4,d,4
155,84,e,2
121,123,d,3
146,55,d,4
73,119,d,3
155,175,d,3
98,7,d,1
118,108,d,3
181,129,d,3
77,86,t,0
62,78,d,4
122,85,t,0
99,1,d,1
62,76,d,4
49,168,t,0
114,103,t,0
80,146,d,1
29,176,d,3
156,53,d,4
135,82,e,2
176,121,d,3
86,125,d,3
65,82,d,4
14,21,d,2
33,170,d,3
190,29,d,4
91,38,t,0
189,128,d,1
24,169,d,3
75,108,d,3
146,122,d,3
136,120,d,3
196,141,d,3
112,131,d,3
187,53,d,4
83,105,e,2
28,179,d,3
21,168,d,2
63,180,d,3
16,175,d,3
113,115,d,3
18,134,d,2
83,112,d,3
78,23,t,0
39,169,t,0
139,130,d,3
54,107,e,2
25,183,d,3
40,189,d,3
77,3,d,1
113,21,t,0
169,97,d,1
6,185,d,3
168,112,d,3
19,63,d,2
154,182,d,3
173,18,d,4
177,9,d,4
173,75,d,4
90,68,d,4
127,181,d,3
111,76,d,4
22,172,d,3
157,19,d,4
177,110,d,1
184,158,d,3
61,108,e,3
121,49,d,4
83,82,e,1
197,140,d,3
157,82,e,4
49,144,t,0
14,17,d,2
71,175,d,1
107,54,d,4
24,117,d,2
17,21,d,2
102,121,d,3
23,128,d,2
58,55,d,1
181,153,d,3
133,138,d,3
28,21,t,0
48,59,t,0
177,168,d,3
188,62,d,1
3,193,d,3
178,64,d,4
25,134,t,0
155,69,d,4
181,108,d,1
196,28,d,4
120,16,d,4
24,51,e,2
62,79,d,4
18,144,d,2
135,18,d,4
186,131,d,3
152,55,d,4
197,21,d,4
81,116,d,3
61,14,d,4
177,106,d,1
192,187,d,3
171,15,d,4
96,108,d,3
48,142,t,0
130,77,d,4
28,180,d,3
110,122,d,3
118,170,d,3
27,180,d,3
75,78,d,4
15,165,d,2
13,15,d,2
174,12,d,4
129,75,d,4
137,181,d,3
89,191,d,1
119,181,d,3
21,78,d,2
143,169,t,0
148,184,d,3
120,54,d,4
14,170,d,2
127,57,d,4
83,63,d,4
190,139,d,3
17,95,d,2
180,43,d,4
17,89,d,2
13,74,d,2
125,79,d,4
104,16,d,1
26,184,d,3
146,169,t,0
8,181,d,2
61,50,d,1
16,101,d,2
16,33,d,2
18,85,d,2
194,16,d,4
96,75,d,4
179,101,d,1
51,66,d,1
167,53,d,4
22,16,d,4
160,19,d,4
185,65,d,1
111,65,d,4
132,78,d,4
54,106,e,2
149,173,d,3
197,16,d,4
44,174,d,3
190,41,d,4
139,169,d,3
144,106,e,2
58,176,d,3
80,167,t,0
175,118,d,3
137,108,d,3
180,112,d,1
60,13,d,4
58,139,d,1
107,72,d,4
156,13,d,4
79,44,d,1
109,78,d,4
83,73,d,4
186,42,d,4
141,175,d,3
154,11,d,4
52,42,d,1
106,72,d,4
56,171,d,3
186,68,d,1
189,28,d,4
63,16,d,4
69,81,d,4
181,71,d,1
15,60,d,2
140,76,d,4
29,19,d,4
13,157,d,2
192,137,d,3
22,74,d,2
28,116,t,0
9,6,d,4
26,105,t,0
68,79,d,4
192,60,d,1
68,75,d,4
125,77,d,4
44,18,d,4
105,74,d,4
27,178,d,3
104,114,d,3
55,55,d,1
61,137,d,1
118,118,d,3
7,184,d,3
155,121,d,3
60,24,t,0
21,37,e,3
134,120,d,3
63,110,d,3
101,127,d,3
182,94,d,1
68,40,d,1
20,20,d,2
131,21,t,0
61,107,e,2
112,129,d,3
17,79,d,2
24,61,d,2
32,18,d,4
24,150,d,2
20,163,d,2
73,145,d,1
24,168,d,3
24,93,d,2
169,70,d,4
77,184,d,1
122,115,d,3
184,64,d,4
113,14,d,4
16,176,d,3
168,90,d,1
129,16,d,4
25,79,t,0
170,119,d,3
20,28,d,2
112,13,d,4
80,14,d,1
14,172,d,2
72,5,d,4
68,74,d,4
121,17,d,4
114,123,d,3
84,113,d,3
89,82,d,4
114,22,t,0
53,145,d,4
181,115,d,1
46,20,t,0
171,158,t,0
66,54,d,1
176,130,d,3
18,180,d,3
61,171,d,1
138,176,d,3
193,50,d,4
50,63,d,1
72,79,d,4
98,81,d,4
169,68,d,4
137,80,d,4
25,23,t,0
3,191,d,3
149,38,t,0
20,63,d,2
134,153,t,0
191,20,d,4
135,76,d,4
61,80,d,4
168,105,d,1
69,9,d,4
170,131,d,3
18,26,d,2
180,103,d,1
175,52,d,4
139,124,d,3
13,112,d,2
25,59,t,0
178,96,d,1
177,91,d,1
173,13,d,4
177,67,d,4
48,69,t,0
20,19,d,4
137,74,d,4
194,145,d,3
48,78,t,0
54,57,d,1
22,81,d,2
117,15,d,4
103,130,d,3
145,22,t,0
158,112,d,3
50,58,d,1
176,69,d,4
57,146,d,1
15,156,d,2
31,180,d,3
49,67,t,0
143,85,t,0
18,25,d,2
56,144,d,1
135,173,d,3
135,182,d,3
156,16,d,4
89,125,d,3
184,147,d,3
49,56,t,0
165,76,d,4
176,25,e,1
86,106,e,3
14,59,d,2
64,52,d,1
191,160,d,3
118,65,d,4
61,187,d,3
115,106,e,3
47,59,t,0
49,75,t,0
18,174,d,3
112,79,d,4
163,84,e,1
186,140,d,3
13,84,d,2
166,15,d,4
128,125,d,3
144,21,t,0
186,163,d,3
49,68,t,0
19,186,d,3
172,53,d,4
26,31,t,0
126,14,d,4
184,60,d,4
150,165,t,0
127,108,e,1
144,81,e,4
23,60,d,2
104,57,d,4
187,177,d,3
115,185,d,3
114,137,d,3
131,118,d,3
150,62,d,4
127,79,d,4
14,171,d,2
123,122,d,3
78,173,d,1
142,172,d,3
167,64,d,4
61,42,d,1
18,46,d,2
14,186,d,3
197,38,d,4
114,70,d,4
18,51,d,2
99,133,d,3
94,2,d,1
46,54,t,0
25,162,t,0
85,118,d,3
143,77,d,4
150,81,d,4
171,169,t,0
94,65,d,4
153,62,d,4
164,110,d,3
180,71,d,1
147,39,t,0
20,64,d,2
164,106,d,3
21,111,d,2
15,115,d,2
24,132,d,2
149,182,d,3
106,115,d,3
188,61,d,4
153,83,e,2
53,16,d,4
119,19,d,4
114,180,d,3
76,190,d,3
51,83,d,4
114,178,d,3
24,58,d,2
60,126,d,1
112,20,t,0
64,43,d,1
16,131,d,2
62,152,t,0
50,47,d,1
140,170,d,3
129,169,t,0
104,117,d,3
164,117,d,3
176,81,d,1
78,13,d,1
183,115,d,1
88,81,d,4
3,187,d,2
52,147,d,4
175,104,d,1
165,131,d,3
58,138,d,1
20,162,d,2
126,82,d,4
25,49,t,0
18,61,d,2
169,98,d,1
106,70,d,4
54,173,d,3
141,170,d,3
78,40,d,1
130,13,d,4
19,19,d,2
150,20,t,0
44,17,d,4
137,87,t,0
89,131,d,3
195,152,d,3
92,12,d,1
65,22,t,0
194,137,d,3
13,178,d,3
60,20,t,0
61,147,d,1
79,7,d,1
133,184,d,3
141,84,e,2
190,163,d,3
102,114,d,3
93,123,d,3
193,184,d,3
70,181,d,3
50,122,d,1
26,79,t,0
166,69,d,4
139,122,d,3
154,15,d,4
124,62,d,4
93,13,d,1
191,61,d,1
64,107,e,3
150,104,t,0
198,138,d,1
195,22,d,4
87,123,d,3
138,62,d,4
90,196,d,1
130,135,d,3
194,169,d,3
27,182,d,3
14,40,d,2
74,7,d,1
86,111,d,3
138,86,t,0
22,15,d,4
17,173,d,2
43,13,d,4
12,58,d,2
75,147,d,1
123,85,t,0
75,12,d,1
87,126,d,3
24,44,e,4
133,186,d,3
45,177,d,3
23,124,e,4
23,122,e,4
126,112,d,3
174,136,d,3
25,92,t,0
105,138,d,3
15,174,d,2
140,182,d,3
102,83,e,1
76,174,d,1
159,106,d,3
124,107,e,1
172,170,d,3
189,57,d,4
71,142,d,1
176,68,d,4
22,136,e,3
77,22,t,0
54,66,d,1
134,81,d,4
132,111,d,3
143,75,d,4
152,168,t,0
187,168,d,3
45,17,d,4
86,184,d,1
146,107,e,2
50,56,d,1
191,143,d,3
146,176,d,3
11,177,d,2
76,7,d,1
24,156,e,2
177,27,e,3
69,106,d,3
171,108,d,1
181,165,d,3
57,143,d,1
112,77,d,4
121,85,t,0
142,20,t,0
176,100,d,1
171,109,d,1
128,16,d,4
113,52,d,4
161,19,d,4
100,73,d,4
132,19,d,4
114,176,d,3
97,80,d,4
21,64,d,2
22,19,d,4
149,61,d,4
105,57,d,4
87,16,d,1
104,110,d,3
24,30,d,2
141,121,d,3
114,18,d,4
88,115,d,3
23,151,d,2
62,109,d,3
188,135,d,3
68,48,d,1
169,74,d,4
17,77,d,2
165,171,d,3
164,172,d,3
131,126,d,3
129,170,d,3
94,106,e,2
49,143,t,0
123,57,d,4
47,172,d,3
81,174,d,1
16,154,d,2
134,82,e,2
77,106,e,2
21,118,d,2
192,55,d,4
51,73,d,1
182,40,d,4
146,134,d,3
134,180,d,3
178,108,d,1
155,72,d,4
172,116,d,3
67,175,d,1
117,16,d,4
126,78,d,4
178,118,d,1
135,184,d,3
190,167,d,3
167,78,d,4
165,104,e,1
44,173,d,3
145,73,d,4
60,143,d,1
93,75,d,4
149,178,d,3
165,122,d,3
152,124,d,3
152,119,d,3
89,60,d,4
170,54,d,4
137,185,d,3
113,75,d,4
15,14,d,4
72,104,t,0
175,172,d,3
131,176,d,3
186,13,d,4
114,104,t,0
91,84,d,4
46,19,d,4
198,19,d,4
19,32,d,2
138,16,d,4
178,77,d,1
14,124,d,2
91,9,d,1
51,23,t,0
198,49,d,4
165,96,e,4
129,133,d,3
165,19,d,4
80,166,t,0
82,189,d,1
55,36,t,0
13,189,d,3
157,170,d,3
133,67,d,4
68,82,e,4
188,24,d,4
64,18,d,1
21,117,d,2
55,17,d,4
22,114,d,2
53,143,d,1
186,49,d,4
29,15,d,4
38,14,d,4
128,169,t,0
51,148,d,4
183,14,d,4
185,120,d,1
113,109,d,3
131,85,t,0
91,133,d,3
17,172,d,2
190,66,d,1
175,81,d,1
25,147,d,2
193,149,d,3
157,112,d,3
147,107,d,3
81,128,d,3
121,133,d,3
145,81,d,4
78,125,d,3
193,52,d,4
68,103,t,0
60,135,d,1
38,13,d,4
180,118,d,1
144,179,d,3
162,65,d,4
105,108,e,1
65,108,d,3
55,82,e,1
17,107,d,2
26,172,d,3
153,64,d,4
77,44,d,1
69,182,d,3
22,96,d,2
147,13,d,4
106,135,d,3
113,167,t,0
53,108,e,2
69,186,d,3
170,124,d,3
129,62,d,4
69,16,d,1
25,187,d,3
167,170,d,3
41,174,d,3
91,4,d,1
14,36,d,2
107,169,t,0
127,168,t,0
159,51,d,4
87,77,d,4
19,170,d,2
197,34,d,4
179,139,d,3
52,131,d,1
186,55,d,4
194,174,d,3
54,45,d,1
20,29,d,2
162,175,d,3
15,112,d,2
171,107,d,1
10,26,d,2
124,79,d,4
108,62,d,4
24,29,d,2
125,25,t,0
186,67,d,1
177,69,d,4
166,17,d,4
64,183,d,3
25,47,d,2
165,12,d,4
120,66,d,4
177,119,d,3
22,64,d,2
177,55,d,4
21,42,d,2
163,115,d,3
158,73,d,4
148,51,d,4
192,57,d,4
115,112,d,3
27,45,t,0
63,144,d,1
21,41,e,4
106,76,d,4
41,23,t,0
26,116,t,0
148,72,d,4
38,20,t,0
150,84,d,4
77,128,d,3
102,115,d,3
90,62,d,4
192,15,d,4
181,172,d,3
93,182,d,1
117,184,d,3
49,65,t,0
18,100,d,2
190,31,d,4
188,56,d,4
172,62,d,4
50,149,d,4
85,194,d,1
12,162,d,2
132,73,d,4
79,82,d,4
26,142,t,0
18,170,d,2
124,142,d,3
176,94,d,1
68,10,d,4
16,44,d,2
52,128,d,1
51,44,d,3
16,90,d,2
155,172,d,3
92,121,d,3
185,106,d,1
73,188,d,3
109,85,t,0
170,49,d,4
88,196,d,1
56,107,d,3
185,142,d,3
23,162,d,2
157,85,t,0
184,47,d,4
90,5,d,1
116,110,d,3
68,182,d,3
66,77,d,4
152,53,d,4
99,83,d,4
49,19,d,4
118,171,d,3
126,85,t,0
26,34,t,0
73,42,d,1
49,171,d,3
99,115,d,3
140,19,d,4
91,108,e,2
23,66,e,2
74,45,d,1
175,177,d,3
40,19,d,4
97,107,d,3
49,139,t,0
185,84,d,1
142,66,d,4
18,82,d,2
20,83,d,2
87,106,e,1
112,56,d,4
105,52,d,4
77,170,d,1
182,157,d,3
117,137,d,3
133,174,d,3
180,39,d,4
123,183,d,3
140,125,d,3
181,170,d,3
137,53,d,4
52,148,d,1
133,104,t,0
122,81,e,4
137,135,d,3
162,16,d,4
71,104,t,0
36,21,t,0
55,81,d,4
79,2,d,1
159,169,t,0
188,15,d,4
148,127,d,3
20,54,d,2
51,129,d,1
180,54,d,4
15,45,d,2
180,159,d,3
144,14,d,4
195,137,d,3
18,162,d,2
135,54,d,4
113,130,d,3
110,52,d,4
169,108,d,1
61,76,d,4
69,7,d,4
154,112,d,3
61,79,d,4
88,110,d,3
164,170,d,3
96,80,d,4
146,126,d,3
81,187,d,1
166,183,d,3
112,82,d,4
77,72,d,4
78,103,t,0
151,51,d,4
78,176,d,1
17,96,d,2
20,182,d,3
185,64,d,4
21,122,e,4
66,182,d,3
8,187,d,3
123,174,d,3
48,19,d,4
47,181,d,3
173,20,t,0
176,85,d,1
112,115,d,3
131,83,d,4
86,19,d,1
192,175,d,3
21,16,d,4
185,44,d,4
67,83,e,4
20,58,d,2
185,124,d,1
100,184,d,1
116,168,t,0
81,62,d,4
165,95,e,4
107,21,t,0
89,62,d,4
151,110,d,3
33,177,d,3
157,169,t,0
106,81,e,1
68,152,t,0
152,78,d,4
50,65,d,1
57,19,d,4
131,14,d,4
17,156,d,2
19,99,d,2
73,8,d,1
115,122,d,3
19,173,d,3
25,135,t,0
47,50,t,0
70,114,d,3
133,82,d,4
179,114,d,1
121,76,d,4
195,48,d,4
87,194,d,1
141,81,d,4
164,23,t,0
165,83,e,1
185,149,d,3
40,182,d,3
131,128,d,3
49,133,d,1
158,137,d,3
15,50,d,2
152,114,d,3
10,177,d,2
172,169,t,0
181,143,d,3
158,83,e,1
162,56,d,4
23,71,d,2
109,52,d,4
125,15,d,4
190,53,d,4
180,155,d,3
177,66,d,4
165,126,d,3
15,79,d,2
9,186,d,3
174,174,d,3
165,174,d,3
18,55,d,2
160,12,d,4
11,12,d,2
193,13,d,4
173,14,d,4
20,114,d,2
28,25,t,0
47,115,t,0
166,104,e,1
67,137,d,1
187,65,d,1
11,9,d,4
173,83,d,1
13,80,d,2
171,168,t,0
18,62,d,2
197,143,d,3
197,53,d,1
199,20,d,4
146,172,d,3
53,185,d,3
151,70,d,4
30,17,d,4
41,18,d,4
64,13,d,4
164,76,d,4
28,142,t,0
181,11,d,4
180,124,d,3
92,196,d,1
156,15,d,4
24,114,e,2
14,9,d,4
56,51,d,1
102,168,t,0
174,74,d,4
81,181,d,1
84,62,d,4
15,188,d,3
72,12,d,1
18,146,d,2
90,188,d,1
26,140,t,0
143,52,d,4
56,143,d,1
45,175,d,3
172,109,d,1
178,15,d,4
159,16,d,4
60,176,d,3
152,116,d,3
179,179,d,3
129,124,d,3
52,60,d,1
99,131,d,3
49,71,t,0
50,16,d,4
82,125,d,3
122,128,d,3
25,166,t,0
162,85,t,0
118,128,d,3
169,107,d,1
120,64,d,4
189,150,d,3
91,127,d,3
89,67,d,4
51,133,d,1
10,11,d,2
93,63,d,4
96,122,d,3
17,123,d,2
25,128,t,0
97,105,e,3
21,156,d,2
147,106,e,2
176,21,d,4
27,68,t,0
122,75,d,4
138,133,d,3
87,192,d,1
172,121,d,3
138,178,d,3
167,88,d,1
75,7,d,1
176,136,d,3
150,166,t,0
88,176,d,1
83,67,d,4
142,83,e,4
77,80,d,4
34,16,d,4
15,12,d,4
198,38,d,4
14,8,d,4
115,78,d,4
144,17,d,4
169,126,d,3
14,75,d,2
18,112,d,2
181,122,d,3
143,22,t,0
182,79,d,1
100,54,d,4
183,67,d,1
133,54,d,4
167,184,d,3
153,135,d,3
78,84,e,4
181,78,d,1
130,86,t,0
23,116,d,2
157,104,t,0
24,119,d,2
181,38,d,4
132,172,d,3
146,132,d,3
84,25,t,0
57,53,d,1
65,7,d,4
113,134,d,3
62,135,d,1
176,139,d,3
175,156,e,3
18,15,d,4
54,19,d,4
127,61,d,4
21,32,d,2
51,41,d,1
73,182,d,1
50,144,d,4
61,19,d,4
14,91,d,2
166,114,d,3
187,72,d,1
22,144,e,2
102,78,d,4
119,77,d,4
107,103,t,0
167,83,e,1
115,134,d,3
147,59,d,4
112,81,e,2
92,60,d,4
186,136,d,3
177,73,d,1
148,53,d,4
162,104,t,0
25,110,d,2
156,127,d,3
72,176,d,1
151,134,d,3
19,44,d,2
26,147,t,0
123,21,t,0
45,179,d,3
18,166,d,2
187,139,d,3
173,118,d,3
64,102,t,0
133,173,d,3
64,175,d,3
69,79,d,4
129,172,d,3
82,193,d,3
21,151,d,2
49,117,t,0
73,77,d,4
118,83,d,4
60,167,t,0
53,137,d,1
40,176,d,3
20,147,d,2
184,156,d,3
99,20,t,0
149,21,t,0
14,166,d,2
80,112,d,3
139,116,d,3
85,115,d,3
170,72,d,4
48,40,t,0
169,22,t,0
72,8,d,1
140,121,d,3
141,14,d,4
21,101,d,2
171,132,d,3
148,68,d,4
86,173,d,1
50,168,t,0
139,74,d,4
25,172,d,3
23,176,d,3
25,105,t,0
160,64,d,4
56,173,d,3
135,85,t,0
43,16,d,4
147,175,d,3
125,105,e,1
18,41,d,2
54,17,d,4
88,197,d,1
101,69,d,4
23,147,d,2
162,82,e,4
53,14,d,4
169,78,d,4
158,104,d,3
173,89,d,1
78,105,e,2
73,178,d,1
25,132,t,0
173,175,d,3
151,176,d,3
126,19,d,4
87,78,d,4
115,124,d,3
178,114,d,1
81,84,d,4
95,84,e,1
146,12,d,4
70,184,d,3
158,66,d,4
182,71,d,1
180,163,d,3
84,150,t,0
61,138,d,1
60,136,d,1
95,59,d,4
133,182,d,3
94,80,d,4
51,182,d,3
120,18,d,4
181,133,d,3
10,180,d,2
18,75,d,2
18,72,d,2
62,56,d,1
93,198,d,1
31,175,d,3
174,25,t,0
110,118,d,3
74,176,d,1
12,6,d,4
49,79,d,1
24,78,e,3
19,123,d,2
55,132,d,1
49,38,t,0
56,134,d,1
183,161,d,3
179,124,d,3
105,128,d,3
20,165,e,2
123,110,d,3
15,122,d,2
88,78,d,4
28,119,t,0
68,166,t,0
180,56,d,4
188,124,d,1
87,132,d,3
164,118,d,3
123,131,d,3
103,80,d,4
21,166,d,2
122,182,d,3
15,131,d,2
34,184,d,3
89,170,d,1
14,24,d,2
26,51,t,0
98,17,d,1
170,179,d,3
128,179,d,3
98,170,d,1
20,126,d,2
50,18,d,4
121,74,d,4
94,186,d,1
15,55,d,2
137,70,d,4
176,73,d,4
84,85,t,0
119,60,d,4
133,176,d,3
168,121,d,3
129,73,d,4
67,110,d,3
84,72,d,4
108,126,d,3
17,53,d,2
17,169,d,2
179,57,d,4
94,110,d,3
177,56,d,4
195,157,d,3
158,187,d,3
147,57,d,4
132,76,d,4
58,57,d,1
149,169,t,0
153,116,d,3
69,181,d,3
117,135,d,3
83,77,d,4
23,123,e,4
188,129,d,3
20,46,d,2
9,178,d,2
178,65,d,4
16,172,d,2
135,171,d,3
197,144,d,3
24,133,e,2
196,34,d,4
138,117,d,3
23,53,e,2
84,194,d,1
60,47,d,1
173,81,d,1
150,182,d,3
105,134,d,3
119,136,d,3
104,109,d,3
141,16,d,4
102,106,e,3
122,111,d,3
96,118,d,3
24,166,d,2
22,167,e,3
193,141,d,3
66,82,d,4
141,79,d,4
100,7,d,1
181,18,d,4
83,196,d,3
113,108,e,3
196,176,d,3
159,129,d,3
19,94,d,2
18,141,d,2
20,155,d,2
30,14,d,4
26,26,t,0
185,25,d,4
74,114,d,3
136,128,d,3
136,122,d,3
70,175,d,1
198,36,d,4
82,118,d,3
194,42,d,4
174,165,t,0
69,83,d,4
176,34,e,1
13,113,d,2
92,125,d,3
177,105,d,1
22,137,e,3
164,174,d,3
64,145,d,1
12,113,d,2
98,138,d,3
32,16,d,4
160,23,t,0
62,16,d,4
19,176,d,3
192,13,d,4
67,22,t,0
36,20,t,0
186,59,d,4
146,120,d,3
53,26,t,0
195,142,d,3
111,135,d,3
112,112,d,3
175,62,d,4
122,168,t,0
22,92,d,2
184,175,d,3
16,146,d,2
31,181,d,3
164,107,d,3
161,131,d,3
181,68,d,4
189,62,d,1
88,131,d,3
128,127,d,3
125,61,d,4
97,81,d,4
120,123,d,3
143,106,e,2
22,118,d,2
123,51,d,4
149,114,d,3
178,169,d,3
81,146,d,1
53,169,t,0
96,54,d,4
168,96,d,1
123,116,d,3
56,41,d,1
62,40,d,1
116,131,d,3
158,86,t,0
181,118,d,1
26,149,t,0
11,173,d,2
189,38,d,4
28,183,d,3
80,103,t,0
177,117,d,1
111,174,d,3
61,152,t,0
164,11,d,4
95,176,d,1
194,179,d,3
93,117,d,3
24,50,d,2
18,54,d,2
143,138,d,3
34,22,t,0
160,66,d,4
178,83,d,1
182,73,d,1
42,187,d,3
188,45,d,4
52,184,d,3
147,104,t,0
15,176,d,3
70,109,d,3
18,131,d,2
85,110,d,3
55,15,d,4
87,103,t,0
22,162,d,2
17,83,d,2
78,182,d,1
114,139,d,3
108,72,d,4
74,187,d,3
135,74,d,4
48,67,t,0
19,36,d,2
115,111,d,3
158,79,d,4
22,89,d,2
19,53,d,2
63,183,d,3
49,49,t,0
131,169,d,3
127,67,d,4
72,183,d,3
25,143,t,2
177,116,d,1
49,13,d,4
164,39,t,0
105,70,d,4
126,80,d,4
49,12,d,4
17,87,d,2
181,72,d,1
53,138,d,1
19,144,d,2
128,133,d,3
115,19,d,4
185,122,d,1
27,139,t,0
169,110,d,3
16,62,d,2
24,68,d,2
48,179,d,3
65,12,d,4
20,90,d,2
26,162,t,0
188,37,d,4
13,107,d,2
74,110,d,3
47,183,d,3
70,108,d,3
153,73,d,4
67,77,d,4
51,125,d,1
83,37,t,0
162,78,d,4
157,52,d,4
108,59,d,4
16,189,d,3
25,51,t,0
194,134,d,1
42,18,d,4
139,180,d,3
166,112,d,3
149,176,d,3
196,16,d,4
118,134,d,3
193,164,d,3
21,146,e,2
79,188,d,1
17,145,d,2
47,142,t,0
142,76,d,4
119,122,d,3
14,96,d,2
21,160,d,2
124,16,d,4
16,78,d,2
88,83,e,1
95,83,e,1
185,73,d,1
175,119,d,3
122,15,d,4
105,76,d,4
23,90,d,2
88,72,d,4
166,94,e,4
79,83,d,4
167,108,e,3
49,11,d,4
159,170,d,3
43,19,d,4
8,6,d,4
111,17,d,4
80,20,t,0
77,122,d,3
54,62,d,1
15,86,d,2
12,178,d,2
159,67,d,4
136,132,d,3
154,10,d,4
48,131,t,0
73,189,d,3
192,41,d,4
15,134,d,2
151,154,t,0
18,84,d,2
78,130,d,3
135,105,e,2
166,80,d,4
162,106,e,3
181,80,d,1
53,12,d,4
23,34,e,2
23,39,d,2
174,16,d,4
137,166,t,0
186,53,d,4
152,169,t,0
105,140,d,3
20,17,d,4
171,54,d,4
19,102,d,2
179,74,d,1
156,120,d,3
52,169,d,3
69,178,d,1
99,109,d,3
14,148,d,2
162,20,t,0
156,69,d,4
63,177,d,3
158,129,d,3
17,131,d,2
62,48,d,1
98,173,d,1
188,145,d,3
184,88,d,1
183,119,d,1
20,157,d,2
159,56,d,4
153,110,d,3
25,107,d,2
180,109,d,1
38,18,d,4
163,111,d,3
184,117,d,1
176,23,e,1
194,44,d,4
82,40,d,1
65,17,d,1
184,139,d,3
185,74,d,1
188,118,d,1
71,40,d,1
27,176,d,3
59,42,d,1
135,77,d,4
59,146,d,1
90,177,d,1
23,44,e,2
12,126,d,2
126,118,d,3
117,111,d,3
88,77,d,4
168,58,d,4
152,52,d,4
189,56,d,4
143,69,d,4
135,25,t,0
125,178,d,3
102,75,d,4
105,109,d,3
147,168,t,0
79,193,d,3
19,46,d,2
157,128,d,3
21,22,d,2
63,18,d,1
12,183,d,3
168,15,d,4
24,175,d,3
66,53,d,1
26,164,t,0
38,183,d,3
170,126,d,3
128,123,d,3
75,8,d,1
83,61,d,4
183,110,d,1
166,175,d,3
18,147,d,2
59,150,t,0
82,182,d,1
188,180,d,3
42,177,d,3
12,143,d,2
16,137,d,2
126,181,d,3
77,102,t,0
14,175,d,2
22,53,e,2
19,155,d,2
143,136,d,3
20,14,d,4
59,143,d,1
114,105,e,2
90,176,d,1
151,53,d,4
88,198,d,1
19,142,d,2
37,173,d,3
100,113,d,3
78,10,d,1
128,106,d,3
77,175,d,1
67,177,d,1
171,116,d,3
134,113,d,3
114,168,t,0
22,18,d,4
16,56,d,2
174,76,d,1
83,57,d,4
19,31,d,2
73,7,d,1
43,173,d,3
180,77,d,1
180,119,d,1
20,152,d,2
132,132,d,3
184,21,d,4
68,78,d,4
25,39,t,0
195,178,d,3
52,59,d,1
193,55,d,4
74,76,d,4
13,75,d,2
126,22,t,0
52,57,d,1
96,67,d,4
166,103,d,1
83,186,d,1
79,41,d,1
96,78,d,4
63,141,d,1
123,112,d,3
192,44,d,4
54,47,d,1
92,74,d,4
44,171,d,3
79,72,d,4
16,162,d,2
172,112,d,1
196,42,d,4
55,170,d,3
68,7,d,4
104,101,t,0
176,19,d,4
12,130,d,2
100,82,d,4
65,181,d,3
23,72,d,2
135,64,d,4
77,6,d,1
71,87,t,0
140,123,d,3
15,178,d,3
176,138,d,3
92,135,d,3
9,26,d,2
185,63,d,4
51,112,d,3
139,76,d,4
68,110,d,3
66,123,d,3
22,95,e,2
123,71,d,4
75,66,d,4
78,42,d,1
132,83,d,4
36,170,d,3
135,191,d,3
21,108,d,2
13,18,d,2
29,169,t,0
157,12,d,4
17,135,d,2
18,56,d,2
23,68,d,2
10,178,d,2
183,171,d,3
20,40,d,2
102,116,d,3
115,181,d,3
20,70,d,2
92,16,d,1
145,13,d,4
50,61,d,1
47,60,t,0
71,75,d,4
141,77,d,4
19,126,d,2
199,24,d,4
111,72,d,4
189,66,d,1
24,79,e,3
148,17,d,4
112,54,d,4
172,90,d,1
182,92,d,1
51,115,d,3
147,55,d,4
181,60,d,4
181,123,d,3
76,8,d,1
89,133,d,3
55,64,d,1
38,181,d,3
80,171,d,1
168,174,d,3
82,188,d,1
7,186,d,3
195,138,d,3
18,21,d,2
116,66,d,4
75,9,d,1
64,178,d,3
100,125,d,3
22,105,e,3
169,167,t,0
22,113,d,2
81,68,d,4
28,173,d,3
88,82,e,1
63,178,d,3
16,179,d,3
193,170,d,3
36,16,d,4
185,174,d,3
66,107,e,1
58,64,d,1
116,84,e,4
21,65,d,2
85,14,d,1
178,17,d,4
157,22,t,0
35,20,t,0
25,25,d,2
44,177,d,3
120,85,d,4
107,20,t,0
88,151,t,0
175,114,d,1
54,13,d,4
27,16,d,4
21,180,d,3
14,57,d,2
182,78,d,1
107,64,d,4
23,52,d,2
183,159,d,3
65,110,d,3
90,84,d,4
7,177,d,2
66,12,d,4
63,182,d,3
111,75,d,4
155,133,d,3
173,92,d,1
19,84,d,2
132,71,d,4
124,174,d,3
144,113,d,3
100,120,d,3
188,17,d,4
106,179,d,3
137,10,d,4
172,81,d,1
174,95,d,1
125,185,d,3
66,168,t,0
63,175,d,3
52,123,d,1
187,99,d,1
83,125,d,3
22,77,d,2
130,75,d,4
119,83,d,4
161,84,e,2
61,110,d,3
116,25,t,0
15,99,d,2
119,151,t,0
195,18,d,4
75,188,d,3
56,58,d,1
140,66,d,4
171,88,d,1
137,13,d,4
23,63,d,2
64,19,d,1
172,126,d,3
56,178,d,3
155,19,d,4
190,72,d,1
49,124,t,0
14,63,d,2
157,113,d,3
138,70,d,4
165,120,d,3
183,32,d,4
167,182,d,3
30,20,d,4
162,151,t,0
193,136,d,3
170,11,d,4
15,175,d,2
98,13,d,1
164,83,e,1
90,182,d,1
43,169,t,0
53,113,d,1
23,127,d,2
102,129,d,3
106,181,d,3
135,175,d,3
13,9,d,4
175,101,d,1
173,126,d,3
75,172,d,1
34,169,t,0
20,148,d,2
86,84,e,1
167,180,d,3
20,122,d,2
198,153,d,3
115,15,d,4
171,104,d,1
174,33,t,0
41,16,d,4
51,171,d,3
33,16,d,4
122,185,d,3
167,169,t,0
164,178,d,3
177,70,d,4
153,171,d,3
26,19,d,4
52,176,d,3
173,17,d,4
77,2,d,4
173,106,d,1
165,78,d,4
81,111,d,3
25,137,t,0
114,76,d,4
129,118,d,3
198,47,d,4
108,117,d,3
121,125,d,3
104,70,d,4
82,112,d,3
182,124,d,3
42,179,d,3
65,103,t,0
118,116,d,3
179,25,d,4
89,173,d,1
80,82,d,4
141,169,t,0
40,178,d,3
33,181,d,3
178,88,d,1
19,182,d,3
143,82,e,4
50,112,d,3
180,83,d,1
102,15,d,1
130,53,d,4
188,105,d,1
170,115,d,3
101,83,e,4
17,103,d,2
197,47,d,4
176,114,d,1
172,87,d,1
76,182,d,1
135,66,d,4
146,51,d,4
178,18,d,4
26,50,t,0
106,111,d,3
16,52,d,2
134,173,d,3
144,75,d,4
86,188,d,1
148,176,d,3
124,170,d,3
31,182,d,3
123,20,t,0
127,172,d,3
154,57,d,4
137,68,d,4
102,112,d,3
14,29,d,2
144,109,d,3
131,183,d,3
187,80,d,1
107,129,d,3
177,75,d,1
74,21,t,0
18,12,d,4
182,34,d,4
69,135,d,1
197,164,d,3
107,108,d,3
104,20,t,0
92,77,d,4
79,8,d,1
123,107,e,3
81,23,t,0
125,108,d,3
69,10,d,4
65,118,d,3
73,111,d,3
103,79,d,4
117,118,d,3
26,182,d,3
7,188,d,3
102,82,e,4
15,130,d,2
158,80,d,4
164,96,t,0
24,81,e,2
107,168,t,0
166,72,d,4
52,146,d,4
139,85,t,0
17,110,d,2
71,83,d,4
183,175,d,3
42,183,d,3
121,166,t,0
172,106,d,1
55,142,d,1
16,18,d,2
25,98,t,0
194,55,d,4
108,169,t,0
153,109,d,3
191,52,d,4
83,5,d,1
187,150,d,3
96,82,e,1
22,44,e,2
72,144,d,1
195,140,d,3
82,184,d,1
65,107,d,3
138,82,d,4
25,127,t,0
155,80,d,4
109,167,t,0
146,57,d,4
86,63,d,4
121,137,d,3
86,65,d,4
85,71,d,4
137,106,e,3
49,169,t,0
74,82,e,2
82,107,e,2
112,18,d,4
179,26,d,4
87,190,d,1
70,182,d,3
167,178,d,3
156,18,d,4
78,68,d,4
174,82,d,1
198,26,d,4
120,14,d,4
50,170,d,3
122,134,d,3
196,144,d,3
70,87,t,0
145,20,t,0
188,36,d,4
101,104,t,0
84,13,d,1
145,190,d,3
22,174,d,3
139,107,d,3
98,37,t,0
160,13,d,4
132,168,t,0
138,14,d,4
15,186,d,3
150,136,d,3
123,128,d,3
147,20,t,0
172,107,d,1
18,115,d,2
157,66,d,4
96,112,d,3
50,76,d,1
128,131,d,3
24,66,e,3
16,130,d,2
31,154,t,0
7,26,d,2
76,120,d,3
22,52,d,2
131,72,d,4
16,10,d,4
68,179,d,3
75,72,d,4
33,173,d,3
17,61,d,2
18,94,d,2
87,74,d,4
174,112,d,1
41,186,d,3
53,86,t,0
191,139,d,3
91,83,d,4
26,89,t,0
133,128,d,3
173,80,d,1
140,172,d,3
61,179,d,3
122,174,d,3
187,56,d,4
122,17,d,4
15,124,d,2
28,176,d,3
76,146,d,1
102,86,t,0
92,79,d,4
12,182,d,3
32,178,d,3
86,11,d,1
138,79,d,4
156,59,d,4
93,113,d,3
18,59,d,2
24,13,d,4
192,30,d,4
155,81,d,4
170,169,t,0
13,174,d,2
155,119,d,3
25,78,t,0
52,173,d,3
146,82,e,1
181,16,d,4
159,17,d,4
146,118,d,3
9,10,d,2
21,159,d,2
92,19,d,1
83,171,d,1
18,65,d,2
121,77,d,4
174,168,t,0
156,178,d,3
110,136,d,3
130,171,d,3
115,179,d,3
146,130,d,3
92,76,d,4
78,6,d,1
176,33,e,4
140,18,d,4
64,111,d,3
158,62,d,4
179,21,d,4
23,25,d,2
50,121,d,1
25,174,d,3
181,101,d,1
62,55,d,1
26,132,t,0
92,198,d,1
100,118,d,3
60,40,d,1
79,177,d,1
193,172,d,3
142,58,d,4
20,86,d,2
52,144,d,1
179,146,d,3
93,82,e,4
192,33,d,4
8,184,d,3
54,81,d,4
167,87,d,1
155,108,e,1
140,106,d,3
93,109,e,3
136,73,d,4
166,106,d,1
73,12,d,1
49,62,t,0
142,110,d,3
90,184,d,1
34,18,d,4
11,183,d,3
66,72,d,4
162,21,t,0
29,14,d,4
127,117,d,3
157,77,d,4
50,150,t,0
76,79,d,4
198,34,d,4
13,184,d,3
121,75,d,4
5,188,d,3
19,163,d,2
151,15,d,4
51,21,t,0
54,108,e,3
185,176,d,3
130,132,d,3
54,139,d,1
21,40,e,4
29,21,t,0
189,13,d,4
183,92,d,1
55,44,d,1
47,136,t,0
19,74,d,2
69,12,d,1
177,182,d,3
182,107,d,1
69,173,d,1
13,95,d,2
73,16,d,1
69,179,d,1
47,20,t,0
151,57,d,4
156,168,t,0
23,131,e,2
171,115,d,3
55,171,d,3
180,72,d,1
23,104,e,3
173,36,t,0
26,113,t,0
121,69,d,4
195,13,d,4
99,59,d,4
181,128,d,3
83,174,d,1
174,75,d,4
125,85,t,0
113,180,d,3
137,85,t,0
144,170,d,3
88,109,d,3
63,179,d,3
78,81,d,4
172,19,d,4
47,125,t,0
81,123,d,3
166,169,t,0
141,76,d,4
83,193,d,1
180,73,d,1
52,20,d,4
85,85,t,0
193,126,d,1
80,81,d,4
175,73,d,4
80,173,d,1
145,170,d,3
16,180,d,3
138,19,d,4
123,108,d,3
16,126,d,2
161,128,d,3
116,108,d,3
52,66,d,1
118,20,t,0
16,64,d,2
186,116,d,1
124,180,d,3
41,19,d,4
78,8,d,1
153,81,e,4
13,50,d,2
158,168,t,0
51,20,t,0
17,101,d,2
127,78,d,4
66,78,d,4
167,106,e,1
16,178,d,3
14,39,d,2
182,55,d,4
146,17,d,4
190,146,d,3
12,98,d,2
61,75,d,4
59,15,d,4
6,8,d,2
140,118,d,3
146,109,d,3
97,76,d,4
19,178,d,3
59,46,d,1
22,48,d,2
182,103,d,1
85,7,d,1
94,19,d,1
170,181,d,3
24,163,e,2
50,113,d,3
54,21,t,0
14,95,d,2
95,106,e,2
91,55,d,4
137,78,d,4
176,75,d,1
49,20,t,0
55,109,d,1
21,182,d,3
78,146,d,1
174,98,d,1
144,117,d,3
17,44,d,2
121,178,d,3
66,142,d,1
125,114,d,3
177,135,d,3
16,13,d,4
83,75,d,4
130,69,d,4
17,56,d,2
170,111,d,3
67,42,d,1
89,16,d,1
63,15,d,4
11,104,d,2
93,77,d,4
184,73,d,1
53,114,d,3
198,15,d,4
83,187,d,1
149,167,t,0
123,79,d,4
197,44,d,4
128,108,d,3
187,14,d,4
24,63,e,2
110,120,d,3
66,14,d,1
189,53,d,4
196,142,d,3
53,60,d,1
26,67,t,0
121,104,t,0
23,119,d,2
116,18,d,4
28,182,d,3
56,46,d,1
96,7,d,1
19,92,d,2
138,175,d,3
24,80,d,2
133,58,d,4
64,14,d,4
150,85,t,0
22,28,d,2
28,171,d,3
188,185,d,3
107,136,d,3
25,54,t,0
24,128,d,2
152,128,d,3
162,109,d,3
168,170,d,3
139,118,d,3
141,111,d,3
177,65,d,4
94,112,d,3
55,21,t,0
12,12,d,2
111,109,d,3
153,120,d,3
14,161,d,2
22,80,d,2
17,65,d,2
80,192,d,3
181,34,d,4
98,194,d,1
15,111,d,2
124,77,d,4
14,168,d,2
179,70,d,4
145,61,d,4
49,116,t,0
170,116,d,3
14,14,d,2
69,19,d,1
77,182,d,1
116,77,d,4
180,122,d,3
160,86,t,0
31,171,d,3
128,129,d,3
78,108,e,3
159,185,d,3
57,137,d,1
21,56,e,3
169,96,d,1
79,194,d,3
134,107,d,3
106,78,d,4
97,82,d,4
79,81,d,4
62,53,d,1
188,162,d,3
27,61,t,0
122,77,d,4
92,80,d,4
24,23,e,2
166,56,d,4
176,113,d,1
20,115,d,2
57,144,d,1
56,47,d,1
180,128,d,3
69,17,d,1
25,85,t,0
83,152,t,0
69,15,d,1
45,120,t,0
191,131,d,1
147,82,d,4
140,105,d,3
113,110,d,3
46,21,t,0
71,106,d,3
178,84,d,1
12,154,d,2
114,118,d,3
123,59,d,4
96,188,d,1
155,20,t,0
49,70,t,0
148,20,t,0
131,58,d,4
178,66,d,4
25,142,t,0
174,111,d,1
39,19,d,4
20,16,d,4
125,111,d,3
46,184,d,3
155,115,d,3
114,17,d,4
181,25,d,4
12,64,d,2
136,84,e,2
29,25,t,0
116,82,d,4
181,121,d,1
93,83,e,4
126,15,d,4
116,173,d,3
118,173,d,3
131,77,d,4
93,130,d,3
88,111,d,3
127,77,d,4
136,81,d,4
183,16,d,4
178,71,d,4
196,139,d,3
146,75,d,4
111,55,d,4
172,83,d,1
93,112,d,3
6,190,d,3
134,57,d,4
162,17,d,4
198,32,d,4
50,126,d,1
23,70,d,2
114,107,d,3
41,14,d,4
142,64,d,4
103,112,d,3
24,131,e,2
66,8,d,4
163,61,d,4
132,81,d,4
72,173,d,1
126,169,t,0
95,108,d,3
16,134,d,2
53,124,d,1
9,7,d,4
171,164,t,0
43,170,d,3
152,79,d,4
157,56,d,4
112,174,d,3
106,178,d,1
112,65,d,4
190,58,d,4
25,168,t,0
146,53,d,4
168,65,d,4
141,171,d,3
50,174,d,3
68,49,d,1
185,23,d,4
26,46,t,0
43,174,d,3
130,129,d,3
123,80,d,4
177,179,d,3
24,70,d,2
154,9,d,4
51,134,d,1
86,104,t,0
187,147,d,3
110,64,d,4
146,14,d,4
149,24,t,0
83,4,d,1
121,71,d,4
79,0,d,1
16,20,d,2
182,42,d,4
198,40,d,4
18,97,d,2
18,171,d,2
101,80,d,4
161,15,d,4
179,163,d,3
43,127,t,0
151,67,d,4
87,197,d,1
115,79,d,4
25,160,d,2
186,126,d,1
19,40,d,2
62,54,d,1
186,122,d,1
179,66,d,4
65,9,d,4
189,130,d,3
122,11,d,4
151,108,d,3
102,74,d,4
165,118,d,3
122,20,t,0
169,128,d,3
190,22,d,4
185,37,d,4
174,173,d,3
28,117,t,0
123,111,d,3
24,116,e,2
134,172,d,3
143,115,d,3
39,16,d,4
122,113,d,3
153,79,d,4
81,121,d,3
168,20,d,4
111,61,d,4
100,133,d,3
12,180,d,3
66,9,d,4
149,170,d,3
48,71,t,0
155,59,d,4
43,175,d,3
140,171,d,3
189,133,d,3
195,54,d,4
86,194,d,1
158,77,d,4
106,126,d,3
17,162,d,2
173,154,t,0
86,4,d,1
51,177,d,3
172,98,d,1
121,80,d,4
144,58,d,4
25,112,d,2
173,171,d,3
39,22,t,0
122,114,d,3
174,35,t,1
169,106,d,1
197,137,d,1
47,21,t,0
22,63,d,2
119,65,d,4
168,108,d,1
26,85,t,0
125,86,t,0
73,112,d,3
140,110,d,3
194,28,d,4
93,108,e,2
132,84,d,4
165,63,d,4
169,104,d,1
40,169,t,0
132,170,d,3
82,82,e,4
57,105,e,1
4,3,d,4
182,45,d,4
151,21,t,0
112,17,d,4
174,18,d,4
17,130,d,2
81,108,d,3
179,140,d,3
164,168,t,0
19,115,d,2
124,86,t,0
154,13,d,4
146,106,e,2
174,81,d,1
130,121,d,3
83,121,d,3
75,171,d,1
68,45,d,1
49,53,t,0
171,124,d,3
152,61,d,4
178,179,d,3
172,74,d,4
160,134,d,3
179,184,d,3
50,71,d,1
71,84,d,4
191,25,d,4
144,116,d,3
188,136,d,3
15,32,d,2
183,173,d,3
92,112,d,3
152,109,d,3
130,80,d,4
147,76,d,4
35,169,t,0
52,143,d,1
144,79,d,4
62,144,d,1
24,76,e,2
19,47,d,2
177,7,d,4
195,43,d,4
7,182,d,2
115,81,d,4
139,184,d,3
74,12,d,1
95,65,d,4
160,184,d,3
115,177,d,3
144,11,d,4
95,197,d,1
143,18,d,4
186,144,d,3
154,129,d,3
189,60,d,4
111,16,d,4
170,107,d,1
186,118,d,1
168,107,d,1
18,143,d,2
151,185,d,3
114,15,d,4
26,178,d,3
57,43,d,1
85,10,d,1
199,184,d,3
165,177,d,3
83,192,d,1
60,43,d,1
18,155,d,2
159,125,d,3
177,82,d,1
18,53,d,2
149,130,d,3
86,121,d,3
19,16,d,4
19,161,d,2
57,56,d,1
119,175,d,3
40,15,d,4
71,107,d,3
94,67,d,4
61,10,d,4
99,81,d,4
171,81,d,1
186,138,d,3
108,75,d,4
198,43,d,4
119,58,d,4
157,185,d,3
141,19,d,4
114,66,d,4
37,185,d,3
192,58,d,1
186,171,d,3
186,72,d,1
150,55,d,4
187,185,d,3
161,14,d,4
124,60,d,4
12,81,d,2
12,134,d,2
146,184,d,3
190,63,d,1
172,85,d,1
24,32,e,2
10,59,d,2
150,60,d,4
112,170,d,3
26,69,t,0
144,185,d,3
14,137,d,2
152,171,d,3
15,102,d,2
129,130,d,3
57,147,d,1
185,131,d,3
182,60,d,4
75,17,d,1
174,85,d,1
188,67,d,1
167,92,e,1
104,82,e,1
63,105,e,2
42,181,d,3
187,164,d,3
3,192,d,3
173,73,d,4
174,175,d,3
44,166,t,0
25,18,d,4
63,44,d,1
66,104,t,0
161,80,d,4
22,31,d,2
126,84,e,1
142,176,d,3
55,134,d,1
161,164,t,0
167,10,d,4
87,84,e,1
176,176,d,3
46,186,d,3
90,66,d,4
87,9,d,1
173,74,d,4
94,188,d,1
181,147,d,3
132,176,d,3
26,131,t,0
117,56,d,4
69,103,t,0
164,136,d,3
115,132,d,3
124,136,d,3
184,42,d,4
25,44,t,0
93,128,d,3
195,184,d,3
173,111,d,1
182,145,d,3
160,151,t,0
190,184,d,3
64,81,e,4
166,95,e,4
184,96,d,1
176,171,d,3
197,45,d,4
175,124,d,3
16,118,d,2
97,110,d,3
20,176,d,3
113,172,d,3
52,24,t,0
56,149,d,1
190,59,d,4
102,136,d,3
78,185,d,1
89,104,d,3
30,173,d,3
51,132,d,1
67,108,d,3
163,21,t,0
124,82,d,4
21,142,d,2
119,134,d,3
153,125,d,3
134,15,d,4
133,106,e,2
160,107,d,3
25,33,t,0
183,126,d,3
96,109,d,3
76,83,e,2
157,54,d,4
65,106,e,3
14,143,d,2
129,69,d,4
36,174,d,3
65,11,d,4
8,189,d,3
108,107,d,3
25,53,t,0
175,78,d,1
123,106,e,1
59,172,d,3
12,17,d,2
144,78,d,4
41,17,d,4
117,177,d,3
44,175,d,3
112,171,d,3
30,174,d,3
149,80,d,4
146,80,e,4
180,89,d,1
162,183,d,3
87,128,d,3
76,103,t,0
177,13,d,4
179,120,d,3
90,194,d,1
17,14,d,4
153,128,d,3
177,19,d,4
52,138,d,1
134,55,d,4
108,111,d,3
193,130,d,1
75,64,d,4
193,43,d,4
138,39,t,0
8,9,d,2
28,20,t,0
134,103,t,0
173,99,d,1
18,161,d,2
181,77,d,1
152,80,e,4
130,137,d,3
157,83,e,4
76,176,d,1
155,76,d,4
169,178,d,3
71,149,d,1
65,149,d,1
24,167,d,3
102,110,d,3
116,58,d,4
62,17,d,4
14,126,d,2
13,12,d,4
72,102,t,0
159,65,d,4
65,74,d,4
121,171,d,3
192,141,d,3
90,58,d,4
115,107,d,3
81,190,d,1
75,16,d,1
10,17,d,2
175,38,e,3
167,16,d,4
180,65,d,4
118,174,d,3
46,172,d,3
157,132,d,3
102,102,t,0
168,79,d,4
101,110,d,3
22,21,e,2
25,15,d,4
81,170,d,1
57,106,e,3
147,125,d,3
179,116,d,1
175,154,e,1
61,139,d,1
192,183,d,3
196,54,d,1
24,43,e,4
148,18,d,4
182,32,d,4
123,173,d,3
156,19,d,4
67,114,d,3
164,15,d,4
17,75,d,2
68,181,d,3
174,177,d,3
172,184,d,3
17,26,d,2
158,82,e,4
160,76,d,4
169,95,d,1
153,19,d,4
143,171,d,3
102,111,d,3
83,7,d,1
100,52,d,4
107,85,t,0
184,183,d,3
22,128,d,2
181,113,d,1
194,34,d,4
145,185,d,3
87,69,d,4
22,91,d,2
69,172,d,1
61,12,d,4
150,73,d,4
23,143,d,2
61,58,d,1
162,165,t,0
188,60,d,4
71,12,d,1
163,127,d,3
71,176,d,1
147,53,d,4
158,185,d,3
151,20,t,0
60,173,d,3
182,64,d,4
118,109,d,3
75,77,d,4
176,170,d,3
114,111,d,3
97,5,d,1
178,142,d,3
15,101,d,2
179,135,d,3
152,67,d,4
27,118,t,0
122,122,d,3
97,84,e,1
130,173,d,3
104,62,d,4
194,40,d,4
163,63,d,4
14,119,d,2
50,85,t,0
106,110,d,3
98,75,d,4
186,54,d,4
125,81,d,4
193,142,d,3
110,68,d,4
177,166,d,3
118,39,t,0
69,110,d,3
18,123,d,2
90,117,d,3
163,18,d,4
127,113,d,3
149,105,d,3
34,20,t,0
120,76,d,4
18,181,d,3
58,167,t,0
16,168,d,2
171,85,d,1
144,130,d,3
164,175,d,3
181,155,d,3
142,82,e,4
172,117,d,3
27,173,d,3
85,129,d,3
26,153,t,0
135,169,t,0
177,15,d,4
166,109,d,3
27,174,d,3
146,23,t,0
96,84,e,1
66,84,e,4
164,12,d,4
174,115,d,3
20,170,d,2
107,127,d,3
14,183,d,3
137,11,d,4
185,76,d,1
51,147,d,4
22,59,d,2
111,19,d,4
65,15,d,1
81,70,d,4
194,167,d,3
171,110,d,1
15,184,d,3
47,173,d,3
196,183,d,3
70,171,d,1
131,63,d,4
71,7,d,4
135,170,d,3
57,45,d,1
91,195,d,1
179,119,d,1
87,107,d,3
25,24,t,2
25,157,t,0
45,187,d,3
183,83,d,1
71,180,d,1
21,135,d,2
134,12,d,4
114,19,d,4
175,14,d,4
185,123,d,1
162,110,d,3
21,94,d,2
19,113,d,2
127,188,d,3
69,39,t,0
17,134,d,2
120,52,d,4
85,171,d,1
11,15,d,2
49,142,d,1
199,53,d,1
170,108,d,1
177,155,e,1
62,43,d,1
30,21,t,0
121,169,d,3
23,24,e,2
146,182,d,3
105,64,d,4
54,53,d,1
76,4,d,1
8,177,d,2
193,160,d,3
118,84,e,2
170,139,d,3
112,58,d,4
86,132,d,3
154,113,d,3
98,120,d,3
19,37,d,2
85,79,d,4
91,179,d,1
157,73,d,4
101,81,d,4
52,127,d,1
47,118,t,0
56,81,d,4
23,172,d,3
25,129,t,0
9,187,d,3
19,28,d,2
185,127,d,3
154,109,e,3
93,179,d,1
98,136,d,3
43,15,d,4
25,26,t,0
170,110,d,1
123,53,d,4
134,17,d,4
143,108,d,3
124,14,d,4
158,166,t,0
63,76,d,4
16,153,d,2
21,33,d,2
151,12,d,4
155,21,t,0
16,124,d,2
21,154,d,2
86,2,d,1
47,74,t,0
87,177,d,1
106,107,d,3
87,136,d,3
147,130,d,3
173,39,t,0
179,104,d,1
18,185,d,3
57,86,t,0
21,149,d,2
25,76,t,0
78,184,d,1
169,59,d,4
130,55,d,4
166,91,e,4
188,131,d,3
174,169,t,0
157,81,d,4
73,187,d,3
21,169,d,2
22,183,d,3
178,112,d,1
163,170,d,3
144,19,d,4
114,133,d,3
84,189,d,1
128,177,d,3
50,14,d,4
71,82,d,4
150,169,t,0
183,138,d,3
171,170,d,3
17,76,d,2
90,118,d,3
167,84,d,1
116,107,d,3
85,116,d,3
146,78,d,4
50,66,d,1
17,116,d,2
14,47,d,2
139,108,d,3
131,75,d,4
16,59,d,2
94,132,d,3
29,156,t,0
179,148,d,3
178,94,d,1
97,54,d,4
150,107,d,3
52,151,t,0
137,170,d,3
125,172,d,3
95,69,d,4
65,183,d,3
22,98,d,2
142,137,d,3
26,81,t,0
197,25,d,4
67,171,d,1
185,19,d,4
125,170,d,3
25,74,t,0
87,189,d,1
80,188,d,1
113,20,d,4
167,176,d,3
134,22,t,0
90,112,d,3
71,46,d,1
166,110,d,3
55,106,e,2
76,16,d,1
159,78,d,4
51,123,d,1
72,175,d,1
194,24,d,4
144,69,d,4
93,191,d,1
166,86,d,1
96,79,d,4
160,128,d,3
183,81,d,1
177,71,d,4
180,41,d,4
182,89,d,1
78,178,d,1
54,48,d,3
53,183,d,3
21,121,d,2
183,106,d,1
24,103,e,3
103,102,t,0
188,122,d,1
190,186,d,3
192,42,d,4
45,185,d,3
30,178,d,3
87,81,d,4
46,168,t,0
68,141,d,1
24,118,d,2
130,104,t,0
175,20,e,4
183,157,d,3
183,64,d,4
103,73,d,4
43,124,t,0
41,21,t,0
188,176,d,3
186,127,d,3
149,17,d,4
159,177,d,3
189,183,d,3
163,108,d,3
106,68,d,4
13,187,d,3
193,155,d,3
59,41,d,1
23,92,d,2
72,147,d,1
102,68,d,4
180,52,d,4
23,164,d,2
171,106,d,1
49,21,t,0
156,113,d,3
156,182,d,3
144,173,d,3
102,173,d,1
182,65,d,4
28,23,t,0
143,113,d,3
107,110,d,3
184,126,d,3
191,132,d,3
122,22,t,0
105,78,d,4
135,88,t,0
185,172,d,3
16,164,d,2
145,115,d,3
192,53,d,4
163,104,t,0
149,120,d,3
85,81,d,4
15,9,d,4
49,146,t,0
25,46,t,0
181,106,d,1
90,60,d,4
82,179,d,1
98,188,d,1
165,116,d,3
10,186,d,3
98,132,d,3
180,45,d,4
132,120,d,3
22,170,d,3
176,123,d,3
141,125,d,3
15,43,d,2
16,46,d,2
143,179,d,3
151,112,d,3
161,171,d,3
174,24,t,1
19,107,d,2
193,17,d,4
118,71,d,4
49,136,t,0
195,139,d,3
166,113,d,3
197,27,d,4
30,168,t,0
183,165,d,3
156,11,d,4
74,44,d,1
166,79,d,4
183,73,d,1
81,166,t,0
188,182,d,3
115,84,e,2
194,53,d,4
151,105,e,3
14,13,d,4
192,37,d,4
116,60,d,4
68,8,d,4
161,82,d,4
20,32,d,2
91,198,d,1
111,181,d,3
14,131,d,2
21,124,e,2
26,65,t,0
63,19,d,1
47,185,d,3
75,3,d,4
55,145,d,1
35,22,t,0
85,16,d,1
98,122,d,3
15,117,d,2
21,66,d,2
178,67,d,4
182,15,d,4
178,34,e,1
69,143,d,1
142,16,d,4
19,134,d,2
49,57,t,0
92,81,d,4
87,13,d,1
70,9,d,4
52,125,d,1
115,120,d,3
180,133,d,3
72,80,d,4
188,172,d,3
102,133,d,3
143,177,d,3
118,61,d,4
13,128,d,2
17,122,d,2
103,111,d,3
158,81,e,4
47,52,t,0
167,135,d,3
25,81,t,0
116,17,d,4
24,115,e,2
67,15,d,1
131,124,d,3
119,71,d,4
70,173,d,1
164,183,d,3
149,20,t,0
160,166,t,0
82,106,e,2
58,142,d,1
144,63,d,4
120,103,t,0
16,27,d,2
24,127,d,2
132,137,d,3
164,103,t,0
25,100,t,0
155,165,t,0
174,182,d,3
111,110,d,3
174,83,d,1
68,111,d,3
54,36,t,0
178,117,d,1
20,34,d,2
128,105,d,3
25,61,t,0
169,51,d,4
4,4,d,2
125,113,d,3
13,177,d,2
142,79,d,4
150,111,d,3
183,125,d,3
91,189,d,1
190,169,d,3
177,131,d,3
163,85,t,0
181,149,d,3
148,13,d,4
179,52,d,4
93,181,d,1
22,84,e,2
158,179,d,3
133,61,d,4
148,64,d,4
72,85,t,0
11,10,d,4
138,58,d,4
181,127,d,3
78,85,t,4
28,16,d,4
23,28,d,2
100,135,d,3
182,155,d,3
157,20,t,0
173,23,t,0
85,112,d,3
14,44,d,2
126,52,d,4
180,97,d,1
197,52,d,4
23,27,d,2
103,51,d,4
170,121,d,3
18,150,d,2
163,98,t,0
86,71,d,4
22,42,e,4
21,75,d,2
156,72,d,4
110,131,d,3
175,71,d,4
84,184,d,1
112,52,d,4
19,171,d,2
159,131,d,3
182,51,d,4
90,12,d,1
114,186,d,3
119,81,d,4
54,187,d,3
57,40,d,1
114,74,d,4
28,79,t,0
80,84,d,4
120,19,d,4
50,40,d,1
24,22,d,4
17,17,d,2
32,184,d,3
188,59,d,4
17,24,d,2
85,108,d,3
65,175,d,1
169,77,d,4
39,185,d,3
185,62,d,4
142,170,d,3
132,181,d,3
8,185,d,3
185,77,d,1
15,76,d,2
184,38,d,4
149,171,d,3
110,85,t,0
179,167,d,3
102,64,d,4
172,57,d,4
122,169,t,0
165,100,d,1
190,143,d,3
19,69,d,2
80,185,d,1
33,19,d,4
18,23,d,2
118,120,d,3
105,77,d,4
137,168,t,0
29,183,d,3
88,193,d,1
177,129,d,3
119,112,d,3
137,171,d,3
122,124,d,3
190,182,d,3
68,108,d,3
117,23,t,0
14,52,d,2
160,105,d,3
181,107,d,1
27,18,d,4
32,20,t,0
184,113,d,1
103,6,d,1
18,154,d,2
196,44,d,4
50,134,d,1
70,80,d,4
155,110,d,3
74,188,d,3
91,185,d,1
113,128,d,3
100,107,d,3
184,145,d,3
57,174,d,3
62,173,d,3
53,61,d,1
192,17,d,4
5,5,d,2
21,58,e,3
193,54,d,4
169,82,d,1
77,187,d,1
137,15,d,4
78,191,d,3
26,166,t,0
188,20,d,4
13,160,d,2
25,152,t,0
198,9,d,4
177,127,d,3
3,188,d,3
170,133,d,3
192,161,d,3
124,18,d,4
44,180,d,3
109,118,d,3
185,61,d,4
66,109,d,3
172,51,d,4
31,177,d,3
18,18,d,2
165,97,d,1
157,116,d,3
79,125,d,3
88,184,d,1
14,26,d,2
20,50,d,2
182,162,d,3
95,181,d,1
180,126,d,3
149,110,d,3
174,93,d,1
140,81,d,4
77,188,d,3
120,183,d,3
120,128,d,3
163,86,t,0
123,109,d,3
169,20,t,0
177,10,d,4
83,123,d,3
107,12,d,4
40,14,d,4
32,14,d,4
13,34,d,2
113,83,e,2
63,181,d,3
157,18,d,4
160,56,d,4
16,28,d,2
50,173,d,3
83,10,d,1
19,55,d,2
97,79,d,4
15,152,d,2
63,77,d,4
186,132,d,3
15,80,d,2
77,14,d,1
165,108,d,3
153,150,t,0
154,74,d,4
113,22,t,0
19,166,d,2
9,181,d,2
129,175,d,3
175,174,d,3
26,174,d,3
74,13,d,1
127,80,d,4
23,51,d,2
29,171,d,3
25,138,d,2
181,69,d,1
10,13,d,2
136,100,t,0
180,27,d,4
190,55,d,4
54,144,d,4
118,122,d,3
59,87,t,0
124,108,e,3
73,81,e,2
52,137,d,1
140,16,d,4
124,109,d,3
166,18,d,4
110,66,d,4
161,106,d,3
88,188,d,1
111,182,d,3
81,109,d,3
168,93,d,1
167,11,d,4
55,46,d,3
55,143,d,4
185,35,d,4
101,82,d,4
118,184,d,3
52,56,d,1
82,190,d,1
144,108,d,3
69,40,d,1
173,65,d,4
130,67,d,4
59,13,d,4
26,21,t,0
12,23,d,2
92,62,d,4
99,110,d,3
67,10,d,4
177,122,d,3
150,36,t,0
87,65,d,4
124,64,d,4
178,60,d,4
135,126,d,3
150,129,d,3
190,61,d,1
74,182,d,1
50,20,t,0
61,173,d,3
119,72,d,4
132,17,d,4
64,171,d,1
110,56,d,4
37,177,d,3
163,88,t,0
71,108,d,3
51,169,t,0
23,88,d,2
69,14,d,1
186,165,d,3
195,51,d,4
106,170,d,3
53,22,t,0
188,154,d,3
152,81,e,2
118,124,d,3
63,176,d,3
181,22,d,4
180,79,d,1
24,90,d,2
123,17,d,4
136,83,e,2
35,179,d,3
103,86,t,0
61,9,d,4
103,113,d,3
175,117,d,3
184,62,d,4
53,58,d,1
133,113,d,3
175,35,e,4
73,11,d,1
21,106,d,2
194,139,d,3
68,47,d,1
134,70,d,4
62,136,d,1
71,179,d,1
26,95,t,0
19,85,d,2
128,17,d,4
189,168,d,3
81,186,d,1
143,17,d,4
178,92,d,1
184,173,d,3
90,13,d,1
196,163,d,3
46,169,t,0
66,180,d,3
12,116,d,2
40,174,d,3
19,137,d,2
16,84,d,2
168,137,d,3
2,190,d,3
156,116,d,3
158,177,d,3
47,168,t,0
186,179,d,3
33,14,d,4
87,76,d,4
72,146,d,1
70,17,d,1
18,172,d,2
187,48,d,4
196,20,d,4
72,13,d,1
112,133,d,3
15,11,d,4
180,81,d,1
11,115,d,2
140,169,t,0
124,105,e,1
161,135,d,3
72,74,d,4
175,152,e,4
65,113,d,3
187,52,d,4
50,182,d,3
152,38,t,0
70,16,d,1
123,77,d,4
150,108,d,3
117,182,d,3
195,56,d,1
193,150,d,3
6,10,d,2
23,140,d,2
104,80,e,4
186,40,d,4
11,179,d,2
149,128,d,3
126,57,d,4
112,67,d,4
87,75,d,4
134,132,d,3
9,183,d,3
116,121,d,3
15,187,d,3
62,12,d,4
26,121,t,0
148,186,d,3
119,166,t,0
20,153,d,2
18,142,d,2
38,177,d,3
25,99,t,0
63,172,d,1
165,106,d,3
196,159,d,3
85,192,d,1
56,170,d,3
55,144,d,1
23,54,e,3
9,8,d,4
130,62,d,4
15,168,d,2
164,123,d,3
77,76,d,4
164,77,d,4
12,8,d,4
148,19,d,4
68,173,d,1
22,107,d,2
168,14,d,4
7,9,d,2
78,80,d,4
14,178,d,3
47,178,d,3
59,56,d,1
197,49,d,4
121,173,d,3
111,79,d,4
179,112,d,1
151,74,d,4
155,169,t,0
182,134,d,3
179,117,d,1
133,114,d,3
34,179,d,3
72,81,e,2
156,82,d,4
24,31,e,2
91,81,d,4
12,186,d,3
63,149,d,1
111,12,d,4
39,173,d,3
60,48,d,1
50,138,d,1
158,116,d,3
13,121,d,2
53,127,d,1
104,51,d,4
189,15,d,4
115,68,d,4
86,189,d,1
142,184,d,3
112,15,d,4
110,79,d,4
25,38,t,0
74,5,d,4
21,21,e,2
68,112,d,3
73,6,d,4
40,16,d,4
89,9,d,1
135,59,d,4
7,8,d,2
71,182,d,3
90,173,d,1
179,72,d,1
194,32,d,4
80,150,t,0
173,165,t,0
191,55,d,4
173,66,d,4
136,109,d,3
74,72,d,4
25,118,t,0
56,168,t,0
25,36,t,0
48,181,d,3
176,173,d,3
185,48,d,4
172,124,d,3
53,146,d,4
16,17,d,2
55,45,d,1
190,141,d,3
12,179,d,3
55,148,d,1
174,154,t,0
49,47,t,0
198,51,d,4
29,172,d,3
176,169,d,3
181,40,d,4
82,69,d,4
22,179,d,3
78,4,d,1
182,43,d,4
174,114,d,1
191,149,d,3
165,170,d,3
188,18,d,4
112,127,d,3
85,107,e,3
140,176,d,3
27,130,t,0
21,14,d,4
113,16,d,4
113,136,d,3
31,174,d,3
154,136,d,3
171,20,t,0
18,37,d,2
177,124,d,3
196,9,d,4
175,116,d,3
183,52,d,4
149,65,d,4
22,90,d,2
193,139,d,3
131,81,d,4
113,18,d,4
164,125,d,3
13,24,d,2
166,93,e,4
14,145,d,2
71,8,d,4
190,128,d,1
73,78,d,4
191,134,d,3
175,139,d,3
84,192,d,1
122,109,d,3
145,182,d,3
123,172,d,3
82,115,d,3
51,149,d,1
19,168,d,2
11,174,d,2
92,58,d,4
144,174,d,3
187,122,d,1
18,128,d,2
22,65,d,2
165,53,d,4
140,108,d,3
120,50,d,4
35,165,t,0
71,18,d,1
187,160,d,3
151,79,d,4
49,78,t,0
133,110,d,3
137,64,d,4
174,36,t,1
22,152,d,2
136,126,d,3
151,121,d,3
83,111,d,3
164,81,d,4
160,83,d,4
183,34,d,4
119,179,d,3
126,127,d,3
15,172,d,2
83,106,e,2
4,190,d,3
111,21,t,0
197,157,d,3
73,10,d,1
95,67,d,4
60,172,d,3
51,19,d,4
77,185,d,1
146,112,d,3
144,169,t,0
91,111,d,3
66,19,d,1
79,61,d,4
145,16,d,4
198,142,d,3
25,101,t,0
141,82,e,4
23,103,e,3
187,26,d,4
75,186,d,3
100,110,d,3
93,132,d,3
61,177,d,3
174,113,d,1
145,176,d,3
124,134,d,3
8,8,d,2
191,16,d,4
165,114,d,3
76,78,d,4
87,134,d,3
168,135,d,3
145,82,e,1
83,84,e,1
100,106,d,3
146,124,d,3
115,117,d,3
191,56,d,4
148,170,d,3
90,86,t,0
83,85,t,0
65,81,d,4
178,167,d,3
193,133,d,1
148,50,d,4
104,104,t,0
50,62,d,1
24,26,e,2
75,183,d,1
114,135,d,3
20,132,d,2
156,74,d,4
169,72,d,4
80,2,d,1
85,176,d,1
22,163,e,2
183,78,d,1
130,139,d,3
18,122,d,2
121,127,d,3
111,172,d,3
58,149,d,1
196,56,d,1
103,128,d,3
72,180,d,1
171,174,d,3
187,62,d,4
61,77,d,4
161,137,d,3
167,125,d,3
66,13,d,4
27,77,t,0
15,69,d,2
134,124,d,3
88,124,d,3
17,35,d,2
65,179,d,3
22,148,d,2
18,32,d,2
80,11,d,1
128,181,d,3
110,138,d,3
84,81,d,4
174,34,t,0
22,85,d,2
132,109,d,3
25,16,d,4
141,58,d,4
27,31,t,0
56,103,t,0
95,81,e,1
47,175,d,3
72,182,d,1
9,179,d,2
159,58,d,4
19,175,d,3
175,126,d,3
105,132,d,3
37,183,d,3
185,27,d,4
91,15,d,1
152,20,t,0
151,75,d,4
170,50,d,4
64,12,d,4
160,17,d,4
63,143,d,1
12,9,d,4
146,79,d,4
184,141,d,3
21,165,e,2
6,191,d,3
90,19,d,1
62,179,d,3
147,172,d,3
182,127,d,3
183,38,d,4
20,186,d,3
21,46,d,2
147,123,d,3
169,156,t,0
75,73,d,4
166,78,d,4
94,109,d,3
113,78,d,4
158,174,d,3
192,50,d,4
141,133,d,3
69,18,d,1
109,68,d,4
183,180,d,3
83,76,d,4
143,78,d,4
114,20,t,0
93,68,d,4
106,169,t,0
99,37,t,0
141,176,d,3
169,103,d,1
170,57,d,4
143,110,d,3
154,166,t,0
195,53,d,4
171,112,d,3
23,158,d,2
132,69,d,4
160,59,d,4
23,179,d,3
156,108,e,1
50,132,d,1
165,16,d,4
188,170,d,3
164,105,d,3
143,21,t,0
184,82,d,1
113,120,d,3
88,107,e,1
189,58,d,4
132,82,d,4
195,33,d,4
185,55,d,4
60,19,d,4
78,114,d,3
55,146,d,1
21,130,d,2
13,115,d,2
142,72,d,4
35,168,t,0
17,137,d,2
56,16,d,4
126,108,e,1
26,128,t,0
75,71,d,4
23,18,d,4
38,21,t,0
132,126,d,3
181,151,d,3
140,83,e,2
22,154,d,2
178,163,d,3
114,58,d,4
49,89,t,0
39,171,d,3
155,16,d,4
180,86,d,1
158,74,d,4
92,194,d,1
21,102,d,2
18,96,d,2
16,55,d,2
148,80,d,4
164,177,d,3
22,109,d,2
13,124,d,2
194,176,d,3
53,171,d,3
16,177,d,3
115,168,t,0
146,170,d,3
16,116,d,2
170,183,d,3
178,73,d,1
185,57,d,4
163,176,d,3
135,83,e,2
145,19,d,4
23,74,d,2
131,170,d,3
16,42,d,2
185,42,d,4
59,49,d,1
179,128,d,3
71,11,d,1
174,126,d,3
113,122,d,3
84,82,d,4
112,78,d,4
96,52,d,4
125,117,d,3
162,107,d,3
113,104,t,0
132,171,d,3
58,48,d,1
23,184,d,3
169,80,d,4
162,77,d,4
110,153,t,0
142,19,d,4
74,9,d,1
133,119,d,3
54,172,d,3
164,97,t,0
81,118,d,3
104,165,t,0
127,14,d,4
194,37,d,4
91,18,d,1
143,170,d,3
188,147,d,3
191,181,d,3
172,168,t,0
59,20,t,0
39,179,d,3
58,82,d,4
196,178,d,3
165,79,d,4
35,171,d,3
149,136,d,3
48,49,t,0
26,148,t,0
63,112,d,3
34,172,d,3
162,19,d,4
135,78,d,4
82,80,d,4
194,177,d,3
56,181,d,3
32,170,d,3
108,119,d,3
113,170,d,3
157,173,d,3
126,110,d,3
15,185,d,3
87,104,t,0
110,58,d,4
185,15,d,4
134,174,d,3
191,18,d,4
193,38,d,4
194,149,d,3
25,139,t,0
129,107,d,3
26,108,t,0
92,2,d,1
187,17,d,4
177,14,d,4
17,68,d,2
177,93,d,1
78,112,d,3
18,175,d,3
186,65,d,1
186,153,d,3
54,112,d,1
102,109,d,3
67,143,d,1
116,111,d,3
105,175,d,1
62,174,d,3
191,137,d,3
187,142,d,3
170,76,d,4
145,187,d,3
173,21,t,0
189,129,d,1
123,15,d,4
163,16,d,4
12,124,d,2
51,144,d,1
63,17,d,1
18,126,d,2
131,165,t,0
145,121,d,3
142,169,t,0
34,170,d,3
168,106,d,1
136,64,d,4
157,115,d,3
146,111,d,3
168,123,d,3
136,171,d,3
22,169,d,3
166,173,d,3
174,73,d,4
24,183,d,3
93,171,d,1
57,47,d,1
83,127,d,3
185,66,d,1
87,15,d,1
85,183,d,1
175,111,d,1
138,73,d,4
58,18,d,4
12,13,d,2
14,54,d,2
90,174,d,1
65,14,d,4
117,170,d,3
16,38,d,2
175,110,d,1
56,135,d,1
189,40,d,4
76,10,d,1
54,41,d,1
153,169,t,0
106,122,d,3
138,83,d,4
108,57,d,4
22,190,d,3
141,53,d,4
67,79,d,4
172,91,d,1
104,136,d,3
150,83,d,4
49,64,t,0
116,85,t,4
110,124,d,3
88,179,d,1
191,59,d,1
160,97,t,0
181,75,d,1
195,23,d,4
198,158,d,3
25,52,d,2
189,64,d,1
63,80,d,4
18,57,d,2
151,171,d,3
62,107,d,3
59,58,d,1
52,68,d,1
77,4,d,1
145,106,e,2
145,63,d,4
180,157,d,3
70,180,d,1
192,171,d,3
84,15,d,1
134,136,d,3
18,33,d,2
47,130,t,0
170,177,d,3
54,137,d,1
130,82,d,4
146,171,d,3
182,38,d,4
8,188,d,3
126,111,d,3
13,111,d,2
89,85,t,0
161,17,d,4
84,196,d,3
155,171,d,3
107,111,d,3
176,153,e,1
186,51,d,4
21,174,d,3
100,66,d,4
7,6,d,4
86,67,d,4
114,77,d,4
77,82,e,4
187,166,d,3
19,41,d,2
153,106,e,1
135,20,t,0
21,162,d,2
21,128,d,2
33,172,d,3
34,15,d,4
21,53,e,2
174,108,d,1
189,37,d,4
50,125,d,1
156,111,d,3
27,169,d,3
80,76,d,4
164,85,t,0
19,172,d,3
21,38,d,2
16,141,d,2
129,38,t,0
20,98,d,2
195,49,d,4
183,99,d,1
187,124,d,1
60,21,t,0
48,17,d,4
114,78,d,4
25,83,t,0
17,127,d,2
155,78,d,4
48,52,t,0
118,19,d,4
172,86,d,1
166,181,d,3
186,25,d,4
65,10,d,4
162,169,t,0
193,53,d,4
45,70,t,0
128,22,t,0
113,15,d,4
112,60,d,4
94,81,d,4
149,18,d,4
169,102,d,1
59,57,d,1
115,110,d,3
58,83,d,4
101,76,d,4
145,65,d,4
169,111,d,3
119,109,d,3
144,13,d,4
173,82,d,1
125,136,d,3
162,167,t,0
113,111,d,3
154,64,d,4
81,18,d,1
117,52,d,4
165,20,t,0
147,61,d,4
74,121,d,3
176,118,d,3
68,186,d,3
122,139,d,3
105,107,e,1
82,11,d,1
27,87,t,0
70,8,d,4
27,172,d,3
171,111,d,1
18,108,d,2
182,140,d,3
190,178,d,3
176,72,d,4
161,20,t,0
144,175,d,3
158,16,d,4
175,82,d,1
55,40,d,1
17,144,d,2
15,23,d,2
182,69,d,1
17,136,d,2
52,41,d,1
149,13,d,4
83,108,d,3
16,37,d,2
193,135,d,3
87,117,d,3
157,75,d,4
152,185,d,3
145,17,d,4
180,78,d,1
166,102,d,1
76,112,d,3
133,171,d,3
64,143,d,1
102,77,d,4
12,95,d,2
83,78,d,4
182,53,d,4
192,21,d,4
160,109,d,3
196,18,d,4
77,107,e,3
15,161,d,2
144,183,d,3
101,120,d,3
128,38,t,0
168,60,d,4
170,105,d,1
179,93,d,1
22,43,e,2
119,185,d,3
60,144,d,1
62,80,e,4
49,125,t,0
187,181,d,3
65,143,d,1
81,125,d,3
12,59,d,2
176,112,d,1
67,13,d,1
74,6,d,1
170,172,d,3
123,113,d,3
165,81,e,4
151,132,d,3
168,111,d,3
51,135,d,1
132,105,d,3
116,167,t,0
111,13,d,4
161,169,t,0
112,109,d,3
198,23,d,4
174,110,d,1
192,19,d,4
138,106,e,3
22,131,d,2
163,91,t,0
165,107,d,3
144,85,t,0
171,122,d,3
133,17,d,4
181,102,d,1
66,186,d,3
164,79,d,4
132,184,d,3
36,15,d,4
173,178,d,3
153,74,d,4
52,62,d,1
54,169,t,0
33,171,d,3
96,170,d,1
155,82,e,4
18,10,d,4
28,19,d,4
190,156,d,3
20,43,d,2
74,111,d,3
170,114,d,3
149,55,d,4
193,49,d,4
10,55,d,2
136,105,e,2
16,34,d,2
68,80,d,4
183,57,d,4
13,173,d,2
134,108,d,3
47,24,t,0
45,183,d,3
90,20,t,0
101,107,d,3
49,122,t,0
87,183,d,1
64,51,d,1
168,21,t,0
121,105,e,1
52,67,d,1
188,63,d,1
186,133,d,3
100,123,d,3
73,107,e,2
147,72,d,4
154,169,t,0
150,127,d,3
58,42,d,1
120,59,d,4
22,188,d,3
179,127,d,3
25,31,t,0
19,125,d,2
136,19,d,4
133,20,t,0
156,80,d,4
154,14,d,4
57,104,t,3
66,86,t,0
22,140,d,2
75,76,d,4
173,69,d,4
94,88,t,0
126,173,d,3
21,145,e,2
31,167,t,0
168,83,d,1
19,136,d,2
181,157,d,3
162,84,e,4
180,107,d,1
72,110,d,3
191,37,d,4
184,31,d,4
75,6,d,1
15,26,d,2
138,105,e,3
160,20,t,0
76,149,d,1
55,80,d,4
103,83,e,1
151,82,d,4
181,125,d,3
138,129,d,3
23,33,d,2
20,134,d,2
127,179,d,3
150,109,d,3
163,178,d,3
37,175,d,3
73,108,d,3
166,123,d,3
180,35,d,4
92,61,d,4
170,106,d,1
60,18,d,4
18,60,d,2
113,171,d,3
140,138,d,3
25,20,t,0
174,77,d,1
145,105,e,2
55,169,t,0
150,105,e,3
189,126,d,1
189,175,d,3
153,12,d,4
168,86,d,1
183,65,d,4
80,176,d,1
181,59,d,4
51,17,d,4
86,82,d,4
13,11,d,4
122,57,d,4
151,63,d,4
111,177,d,3
58,106,e,3
78,171,d,1
120,79,d,4
188,68,d,1
131,103,t,0
24,140,d,2
5,186,d,3
167,127,d,3
140,70,d,4
16,43,d,2
102,80,d,4
78,74,d,4
110,114,d,3
135,176,d,3
21,125,d,2
109,54,d,4
147,121,d,3
54,58,d,1
16,144,d,2
65,41,d,1
125,118,d,3
132,59,d,4
148,15,d,4
23,99,d,2
48,14,d,4
97,63,d,4
187,140,d,3
72,7,d,4
71,14,d,1
170,78,d,4
116,133,d,3
126,59,d,4
170,97,d,1
77,17,d,1
168,95,d,1
108,133,d,3
143,134,d,3
72,10,d,1
24,20,d,4
96,56,d,4
167,15,d,4
116,127,d,3
152,130,d,3
77,183,d,1
25,150,t,0
69,184,d,3
6,6,d,2
25,133,t,0
143,71,d,4
19,65,d,2
17,42,d,2
118,104,t,0
195,160,d,3
22,184,d,3
166,85,d,1
160,61,d,4
177,17,d,4
97,74,d,4
181,161,d,3
26,101,t,0
126,177,d,3
105,122,d,3
162,90,t,0
186,135,d,3
125,107,e,1
98,65,d,4
17,133,d,2
54,61,d,1
62,145,d,1
108,135,d,3
18,28,d,2
154,107,e,1
120,82,d,4
170,48,d,4
196,165,d,3
122,54,d,4
70,14,d,1
77,18,d,1
122,12,d,4
45,168,t,0
106,19,d,4
183,111,d,1
137,137,d,3
14,38,d,2
177,113,d,1
100,127,d,3
91,193,d,1
92,108,e,2
68,185,d,3
104,116,d,3
132,16,d,4
146,173,d,3
147,51,d,4
21,86,d,2
183,69,d,1
154,18,d,4
4,189,d,3
11,34,d,2
16,183,d,3
13,101,d,2
81,2,d,1
115,189,d,3
193,34,d,4
59,180,d,3
86,193,d,1
183,120,d,1
74,20,t,0
195,26,d,4
158,75,d,4
197,152,d,3
24,21,d,4
98,72,d,4
149,103,t,0
171,76,d,4
168,84,d,1
197,146,d,3
126,79,d,4
103,78,d,4
119,183,d,3
177,186,d,3
122,78,d,4
79,192,d,3
14,67,d,2
181,94,d,1
87,67,d,4
82,78,d,4
62,51,d,1
91,53,d,4
193,162,d,3
108,105,d,3
150,57,d,4
88,195,d,1
123,170,d,3
148,169,t,0
55,173,d,3
12,181,d,3
178,75,d,1
95,109,d,3
148,131,d,3
183,42,d,4
107,84,d,4
151,78,d,4
12,26,d,2
24,142,d,2
182,95,d,1
125,64,d,4
181,52,d,4
165,99,d,1
118,81,d,4
14,182,d,3
173,98,d,1
18,19,d,2
125,68,d,4
174,92,d,1
183,114,d,1
191,141,d,3
100,85,t,0
190,80,d,1
104,76,d,4
173,72,d,4
97,122,d,3
25,163,t,0
174,90,d,1
11,185,d,3
128,87,t,0
15,179,d,3
155,14,d,4
15,44,d,2
50,110,d,1
49,132,t,0
46,182,d,3
162,81,d,4
134,122,d,3
118,67,d,4
165,11,d,4
79,123,d,3
118,79,d,4
133,18,d,4
70,174,d,1
129,120,d,3
150,172,d,3
48,170,d,3
160,173,d,3
177,63,d,4
19,152,d,2
162,171,d,3
129,60,d,4
117,115,d,3
6,184,d,2
55,53,d,1
113,186,d,3
72,75,d,4
184,151,d,3
180,80,d,1
196,143,d,3
46,115,t,0
100,70,d,4
106,69,d,4
179,115,d,1
28,14,d,4
19,21,d,2
68,73,d,4
119,113,d,3
64,176,d,3
39,175,d,3
25,86,t,0
155,57,d,4
151,113,d,3
30,13,d,4
123,83,d,4
182,117,d,1
30,171,d,3
15,136,d,2
101,112,d,3
177,177,d,3
21,20,d,4
19,73,d,2
175,179,d,3
167,102,d,1
126,183,d,3
127,102,t,0
53,67,d,1
95,61,d,4
15,153,d,2
167,85,d,1
20,166,d,2
138,172,d,3
38,15,d,4
175,76,d,1
154,21,t,0
193,45,d,4
152,77,d,4
123,73,d,4
84,119,d,3
73,74,d,4
99,77,d,4
129,85,t,0
171,17,d,4
124,125,d,3
147,169,d,3
59,147,d,1
169,112,d,3
91,65,d,4
187,21,d,4
184,27,d,4
26,52,t,0
172,82,d,1
155,135,d,3
138,55,d,4
17,124,d,2
158,14,d,4
156,107,e,1
123,63,d,4
124,17,d,4
54,124,d,1
186,38,d,4
153,21,t,0
190,43,d,4
50,137,d,1
15,82,d,2
63,42,d,1
173,78,d,1
159,19,d,4
32,15,d,4
59,106,e,1
97,134,d,3
129,81,d,4
90,64,d,4
10,179,d,2
184,163,d,3
169,81,d,1
101,78,d,4
81,192,d,3
3,186,d,2
103,133,d,3
151,61,d,4
160,168,t,0
193,145,d,3
104,123,d,3
50,73,d,1
30,180,d,3
77,79,d,4
49,111,t,0
127,171,d,3
172,16,d,4
109,57,d,4
14,185,d,3
108,85,t,0
68,18,d,1
151,80,d,4
41,183,d,3
127,18,d,4
74,10,d,1
51,56,d,1
132,122,d,3
167,91,d,1
55,42,d,1
192,138,d,3
125,18,d,4
194,26,d,4
197,138,d,3
190,152,d,3
133,14,d,4
175,72,d,4
155,55,d,4
151,130,d,3
122,106,e,3
69,46,d,1
192,59,d,1
111,20,t,0
116,21,t,0
183,145,d,3
142,77,d,4
137,177,d,3
66,48,d,1
181,183,d,3
141,167,t,0
132,186,d,3
180,141,d,3
140,174,d,3
179,28,e,1
146,20,t,0
79,186,d,1
15,17,d,2
26,23,t,0
100,50,d,4
151,83,e,2
167,174,d,3
123,115,d,3
73,179,d,1
16,51,d,2
78,106,e,3
59,19,d,4
166,97,d,1
82,12,d,1
90,85,t,0
49,51,t,0
115,115,d,3
181,20,d,4
54,114,d,1
20,91,d,2
114,113,d,3
163,169,t,0
167,112,d,3
52,124,d,1
115,56,d,4
88,73,d,4
146,18,d,4
62,185,d,3
74,79,d,4
162,108,d,3
15,145,d,2
190,126,d,1
52,16,d,4
192,154,d,3
3,2,d,4
114,110,d,3
184,86,d,1
126,131,d,3
103,77,d,4
40,172,d,3
68,84,e,1
18,187,d,3
173,187,d,3
180,37,d,4
30,177,d,3
156,61,d,4
14,157,d,2
53,172,d,3
196,137,d,3
55,16,d,4
70,13,d,1
195,35,d,4
78,116,d,3
53,57,d,1
177,164,d,3
162,185,d,3
33,174,d,3
156,17,d,4
168,52,d,4
19,110,d,2
27,96,t,0
54,15,d,4
20,55,d,2
27,32,t,0
198,50,d,4
64,135,d,1
177,49,d,4
51,43,d,3
143,105,d,3
187,179,d,3
127,71,d,4
153,59,d,4
18,30,d,2
75,191,d,3
48,177,d,3
93,71,d,4
21,173,d,3
154,185,d,3
74,80,d,4
21,87,e,3
51,121,d,1
16,147,d,2
144,126,d,3
20,42,d,2
11,182,d,3
79,65,d,4
113,17,d,4
22,35,d,2
19,61,d,2
174,78,d,1
140,84,e,2
170,61,d,4
177,24,e,1
178,104,d,1
186,86,d,1
127,183,d,3
23,156,d,2
163,17,d,4
112,107,d,3
13,79,d,2
101,109,d,3
142,171,d,3
137,83,e,4
48,61,t,0
110,20,t,0
167,18,d,4
134,80,d,4
16,190,d,3
142,165,t,0
112,116,d,3
80,190,d,1
164,112,d,3
152,75,d,4
40,20,t,0
31,156,t,0
175,165,e,1
188,130,d,3
165,129,d,3
25,96,t,0
77,112,d,3
133,111,d,3
21,55,d,2
179,23,d,4
111,14,d,4
67,111,d,3
128,113,d,3
84,190,d,1
183,123,d,1
174,68,d,4
142,175,d,3
84,125,d,3
26,160,t,0
47,54,t,0
135,70,d,4
86,179,d,1
61,170,d,1
78,120,d,3
129,71,d,4
183,143,d,3
114,131,d,3
89,180,d,1
103,121,d,3
89,17,d,1
184,112,d,1
58,133,d,1
198,52,d,1
149,132,d,3
53,181,d,3
45,18,d,4
197,141,d,3
50,171,d,3
19,81,d,2
145,180,d,3
20,27,d,2
105,130,d,3
153,52,d,4
91,6,d,1
16,31,d,2
148,129,d,3
22,54,d,2
83,14,d,1
188,78,d,1
18,17,d,4
59,168,t,0
189,157,d,3
180,96,d,1
104,118,d,3
138,18,d,4
74,8,d,1
168,152,t,0
80,147,d,1
159,133,d,3
133,112,d,3
67,14,d,1
195,27,d,4
178,135,d,3
146,85,t,0
24,124,e,4
120,169,t,0
186,88,d,1
196,27,d,4
128,135,d,3
49,86,t,0
190,20,d,4
173,59,d,4
30,184,d,3
127,191,d,3
95,183,d,1
14,58,d,2
73,116,d,3
96,103,t,0
170,117,d,3
14,167,d,2
24,171,d,3
186,173,d,3
170,16,d,4
146,108,e,3
14,114,d,2
56,138,d,1
23,20,d,4
107,70,d,4
78,187,d,1
93,80,d,4
53,42,d,1
90,172,d,1
74,185,d,3
130,84,d,4
190,131,d,3
167,57,d,4
20,104,d,2
163,135,d,3
144,74,d,4
100,64,d,4
108,81,d,4
145,174,d,3
53,23,t,0
161,139,d,3
161,122,d,3
127,65,d,4
130,22,t,0
129,128,d,3
167,22,t,0
49,54,t,0
84,182,d,1
130,81,d,4
56,82,e,1
68,144,d,1
83,74,d,4
87,130,d,3
17,84,d,2
144,22,t,0
157,102,t,0
13,55,d,2
131,110,d,3
11,47,d,2
176,116,d,1
160,108,d,3
75,177,d,1
184,118,d,1
187,78,d,1
116,125,d,3
49,15,d,4
154,108,e,3
76,75,d,4
48,55,t,0
111,152,t,0
193,182,d,3
50,15,d,4
169,66,d,4
20,144,d,2
65,185,d,3
50,69,d,1
106,150,t,0
147,11,d,4
170,112,d,3
140,21,t,0
113,114,d,3
167,110,d,3
121,107,d,3
114,174,d,3
82,60,d,4
50,114,d,3
78,111,d,3
168,181,d,3
181,126,d,3
111,59,d,4
167,99,d,1
128,110,d,3
69,77,d,4
20,26,d,2
120,111,d,3
86,57,d,4
24,102,d,2
186,181,d,3
175,135,d,3
181,167,d,3
69,42,d,1
192,126,d,1
187,127,d,1
176,109,d,1
127,127,d,3
166,107,e,3
133,172,d,3
192,35,d,4
176,16,d,4
66,179,d,3
23,48,d,2
170,84,d,1
127,112,d,3
169,53,d,4
52,114,d,3
122,82,e,2
18,38,d,2
124,184,d,3
25,170,d,3
148,180,d,3
102,125,d,3
131,108,d,3
122,175,d,3
151,104,t,0
84,173,d,1
118,56,d,4
134,64,d,4
66,184,d,3
128,64,d,4
122,110,d,3
56,131,d,1
89,128,d,3
135,14,d,4
137,114,d,3
56,53,d,1
198,45,d,4
132,75,d,4
71,80,d,4
186,56,d,4
61,183,d,3
174,116,d,3
84,77,d,4
152,132,d,3
89,13,d,1
95,119,d,3
166,177,d,3
66,40,d,1
107,66,d,4
20,57,d,2
189,124,d,1
190,48,d,4
178,85,d,1
8,7,d,4
171,91,d,1
14,11,d,4
18,159,d,2
118,80,d,4
14,78,d,2
52,19,d,4
119,171,d,3
67,82,e,4
61,39,t,0
155,129,d,3
122,76,d,4
27,168,t,0
188,166,d,3
79,175,d,1
81,7,d,1
17,55,d,2
122,71,d,4
195,46,d,4
83,41,d,1
150,16,d,4
22,38,d,2
151,114,d,3
67,174,d,1
91,16,d,1
155,152,t,0
158,183,d,3
105,72,d,4
87,18,d,1
175,65,d,4
7,10,d,2
184,135,d,3
110,103,t,0
112,111,d,3
177,99,d,1
18,13,d,4
106,137,d,3
147,19,d,4
196,52,d,4
12,145,d,2
127,186,d,3
172,113,d,3
180,67,d,4
181,36,d,4
179,131,d,3
135,103,t,0
183,169,d,3
177,76,d,1
179,133,d,3
49,126,t,0
89,183,d,1
174,153,t,1
164,16,d,4
15,137,d,2
197,155,d,3
126,38,t,0
189,152,d,3
182,159,d,3
17,155,d,2
135,81,e,4
48,118,t,0
197,181,d,3
179,55,d,4
77,9,d,1
49,16,d,4
181,66,d,4
52,64,d,1
197,183,d,3
96,21,t,0
56,174,d,3
104,11,d,1
55,149,d,1
167,19,d,4
103,53,d,4
84,106,d,3
74,119,d,3
88,19,d,1
170,92,d,1
170,170,d,3
118,131,d,3
186,183,d,3
14,102,d,2
177,104,d,1
49,109,t,0
13,32,d,2
181,179,d,3
159,80,d,4
144,171,d,3
75,180,d,1
142,18,d,4
50,68,d,1
159,84,d,4
186,115,d,1
197,32,d,4
84,19,d,1
71,74,d,4
161,75,d,4
62,111,d,3
136,112,d,3
41,185,d,3
171,101,d,1
174,22,t,0
107,74,d,4
158,108,d,3
107,19,d,1
72,9,d,1
17,113,d,2
92,178,d,1
166,81,d,4
70,104,t,0
18,130,d,2
182,67,d,4
159,69,d,4
142,104,t,0
44,16,d,4
123,61,d,4
179,78,d,1
14,152,d,2
67,9,d,4
10,176,d,2
110,70,d,4
50,128,d,1
24,109,d,2
176,127,d,3
116,73,d,4
83,195,d,3
16,170,d,2
137,172,d,3
73,110,d,3
153,14,d,4
195,180,d,3
185,53,d,4
81,184,d,1
119,21,t,0
86,55,d,4
177,115,d,1
195,164,d,3
117,17,d,4
75,81,e,4
159,127,d,3
23,46,d,2
47,68,t,0
143,107,e,2
58,141,d,1
172,181,d,3
27,48,t,0
174,56,d,4
26,186,d,3
163,106,d,3
14,187,d,3
24,62,e,2
73,113,d,3
137,107,d,3
65,180,d,3
80,193,d,3
182,17,d,4
48,167,t,0
74,74,d,4
149,67,d,4
126,63,d,4
167,93,d,1
