162,9,d,0
150,187,d,0
60,32,t,2
185,48,d,0
125,106,e,0
126,79,d,0
70,107,e,0
87,134,d,0
13,145,d,0
103,36,t,2
17,194,d,0
176,94,d,0
134,13,d,0
31,17,d,0
8,55,d,0
199,198,d,0
178,127,d,0
10,87,d,0
62,174,d,0
73,141,d,0
188,150,d,0
153,48,d,0
7,19,d,0
17,186,d,0
147,7,d,0
190,22,d,0
196,26,d,0
177,31,e,3
20,108,e,0
197,84,d,0
83,184,d,0
195,105,d,0
64,1,d,0
142,23,t,3
121,113,d,0
81,138,d,0
158,12,d,0
64,61,d,0
27,191,d,0
161,120,d,0
0,34,d,0
121,62,d,0
172,95,d,0
12,144,d,0
167,2,d,0
177,80,d,0
101,78,d,0
182,153,d,0
151,187,d,0
94,8,d,0
98,116,d,0
178,130,d,0
164,71,d,0
90,98,t,4
7,64,d,0
58,179,d,0
7,10,d,0
185,9,d,0
138,196,d,0
165,164,t,1
66,152,t,2
126,199,d,0
93,122,d,0
92,148,d,0
199,196,d,0
162,146,d,0
93,62,d,0
71,198,d,0
171,142,d,0
8,13,d,0
153,174,d,0
139,14,d,0
37,198,d,0
102,192,d,0
13,3,d,0
13,133,d,0
144,119,d,0
121,171,d,0
127,175,d,0
15,103,d,0
135,68,d,0
11,153,d,0
62,116,d,0
12,49,d,0
144,65,d,0
170,166,t,1
54,191,d,0
127,72,d,0
173,131,d,0
140,128,d,0
180,5,d,0
73,143,d,0
25,164,t,4
82,3,d,0
106,33,t,2
5,113,d,0
180,138,d,0
154,195,d,0
18,66,d,0
6,89,d,0
128,74,d,0
23,148,e,0
2,54,d,0
139,80,e,0
145,45,d,0
75,118,d,0
166,137,d,0
107,185,d,0
190,83,d,0
72,147,d,0
176,194,d,0
170,3,d,0
51,73,d,0
62,45,d,0
56,66,d,3
39,13,d,0
51,65,d,0
54,11,d,0
147,77,d,0
57,37,t,3
63,17,d,0
12,17,d,0
142,1,d,0
80,192,d,0
21,119,e,0
89,191,d,0
100,132,d,0
197,173,d,0
50,109,d,0
102,119,d,0
127,24,t,2
185,6,d,0
84,140,d,0
178,115,d,0
157,116,d,0
161,8,d,0
7,104,d,0
187,100,d,0
167,108,d,0
69,125,d,0
154,177,d,0
163,180,d,0
56,173,d,0
199,13,d,4
107,78,d,4
128,189,d,0
179,1,d,0
101,6,d,0
41,12,d,0
122,183,d,0
117,11,d,0
143,199,d,0
46,9,d,0
141,4,d,0
30,198,d,0
124,59,d,0
66,105,e,0
8,104,d,0
138,128,d,0
166,199,d,0
172,78,d,0
186,9,d,0
143,64,d,0
63,198,d,0
47,25,t,3
180,178,d,0
2,154,d,0
77,48,d,0
129,186,d,0
4,3,d,0
137,129,d,0
139,139,d,0
68,127,d,0
195,106,d,0
97,81,e,0
124,9,d,0
14,75,d,0
173,97,d,0
188,141,d,0
124,147,d,0
78,194,d,0
174,3,d,0
128,115,d,0
9,22,d,0
85,110,d,0
20,150,e,0
141,135,d,0
184,195,d,0
8,44,d,0
76,198,d,0
102,60,d,0
69,176,d,0
24,198,d,0
99,136,d,0
56,145,d,0
162,72,d,0
15,141,d,0
117,177,d,0
53,146,d,0
99,183,d,0
171,172,d,0
189,162,d,0
187,36,d,0
15,199,d,0
70,173,d,0
33,186,d,0
190,62,d,0
129,2,d,0
10,182,d,0
176,137,d,0
100,54,d,0
176,19,d,0
173,66,d,0
109,36,t,3
27,192,d,0
199,183,d,0
31,4,d,0
96,108,e,0
149,144,d,0
128,72,d,0
114,141,d,0
183,192,d,0
191,163,d,0
69,44,d,0
135,97,t,4
196,14,d,0
21,40,e,0
57,137,d,0
59,92,t,2
37,83,t,2
183,81,d,0
21,6,d,0
116,104,t,2
16,112,d,0
86,50,d,0
67,75,d,0
160,52,d,0
153,22,t,2
53,19,d,0
175,10,d,0
67,114,d,0
125,100,t,1
138,7,d,0
166,186,d,0
92,155,t,1
131,142,d,0
71,63,d,0
174,135,d,0
36,180,d,0
107,173,d,0
189,169,d,0
179,123,d,0
197,85,d,0
31,178,d,0
137,181,d,0
111,56,d,0
121,114,d,0
134,11,d,0
144,61,d,0
138,70,d,0
198,134,d,0
114,179,d,0
195,108,d,0
83,80,e,0
105,94,t,4
3,54,d,0
9,148,d,0
87,127,d,0
132,113,d,0
2,80,d,3
160,102,t,3
153,43,d,0
116,9,d,0
59,193,d,0
11,94,d,0
98,42,d,0
153,67,d,0
37,8,d,0
111,114,d,0
134,43,d,0
75,17,d,0
35,184,d,0
142,181,d,0
18,152,d,0
107,41,d,0
121,2,d,0
199,50,d,0
118,54,d,0
64,187,d,0
51,64,d,0
123,88,t,4
159,176,d,0
20,170,d,0
33,1,d,0
182,26,d,0
114,4,d,0
157,81,e,0
119,129,d,0
37,171,d,0
153,87,t,3
126,43,d,0
160,59,d,0
81,131,d,0
62,11,d,0
141,113,d,0
127,181,d,0
114,122,d,0
0,85,d,0
147,190,d,0
103,5,d,0
195,12,d,0
198,173,d,0
137,176,d,0
174,176,d,0
179,138,d,0
105,185,d,0
197,185,d,0
7,27,d,0
188,184,d,0
32,11,d,0
16,138,d,0
134,198,d,0
157,74,d,0
134,199,d,0
80,123,d,0
164,55,d,0
167,176,d,0
144,72,d,0
105,189,d,0
136,7,d,0
163,18,d,0
102,130,d,0
16,90,d,4
147,79,d,0
192,102,d,0
119,48,d,0
133,54,d,0
15,65,d,0
150,146,d,0
72,39,t,4
130,74,d,0
90,109,e,0
0,196,d,0
150,148,d,0
11,66,d,0
183,113,d,0
19,160,d,3
95,49,d,0
57,143,d,0
16,49,d,4
4,192,d,0
17,148,d,0
20,99,e,0
164,191,d,0
51,16,d,0
144,131,d,0
92,67,d,0
40,186,d,0
52,124,d,0
97,59,d,0
149,187,d,0
99,132,d,0
20,106,e,0
144,111,d,0
126,50,d,0
163,199,d,0
45,176,d,0
193,155,d,0
179,148,d,0
166,45,d,0
75,188,d,0
79,184,d,0
99,193,d,0
142,128,d,0
29,9,d,0
8,76,d,0
21,22,e,0
83,11,d,0
164,42,d,0
19,126,d,0
148,55,d,0
171,69,d,0
4,34,d,0
120,199,d,0
131,136,d,0
122,104,t,1
3,162,d,0
61,5,d,0
174,125,d,0
166,194,d,0
144,196,d,0
165,176,d,0
100,119,d,0
185,81,d,0
179,145,d,0
175,183,d,0
34,49,t,2
109,188,d,0
47,191,d,0
86,185,d,0
56,133,d,0
57,115,d,0
91,134,d,0
171,117,d,0
165,195,d,0
73,62,d,0
120,88,t,2
56,132,d,0
157,196,d,0
144,53,d,0
18,143,d,0
184,26,d,0
160,139,d,0
64,88,t,4
194,101,d,0
191,133,d,0
171,89,d,0
33,17,d,0
140,193,d,0
186,21,d,0
178,86,d,0
84,47,d,0
174,114,d,0
194,55,d,0
190,196,d,0
61,146,d,0
86,11,d,0
134,76,d,0
7,132,d,0
50,134,d,0
63,154,t,1
96,198,d,0
161,55,d,0
109,59,d,0
22,100,e,0
168,144,d,0
175,54,d,0
103,129,d,0
75,189,d,3
195,29,d,0
103,194,d,0
128,55,d,0
129,9,d,0
54,115,d,0
0,61,d,0
77,109,e,0
33,43,t,2
8,185,d,0
94,57,d,0
122,98,t,3
194,194,d,3
164,143,d,0
184,113,d,0
21,171,d,0
91,57,d,0
161,17,d,0
197,1,d,0
149,53,d,0
62,147,d,0
73,185,d,0
188,58,d,0
142,142,d,0
106,95,t,4
20,12,d,0
190,67,d,0
155,57,d,0
26,42,t,4
49,25,t,4
70,97,t,2
76,137,d,0
0,177,d,0
1,125,d,0
99,53,d,0
184,170,d,0
57,7,d,0
117,4,d,0
103,146,d,0
196,62,d,0
188,18,d,0
123,180,d,0
29,179,d,0
101,50,d,0
110,82,e,0
112,53,d,0
2,195,d,0
165,33,t,1
173,73,d,0
198,183,d,0
99,68,d,0
53,199,d,0
180,34,d,0
181,90,d,0
85,123,d,0
179,166,e,0
80,57,d,0
180,42,d,0
158,135,d,0
57,147,d,0
1,153,d,0
143,104,t,2
36,1,d,0
144,147,d,0
177,139,d,0
73,78,d,0
14,172,d,0
150,41,d,0
144,62,d,0
152,14,d,0
125,180,d,0
11,166,d,0
186,43,d,0
172,7,d,0
176,52,d,0
92,98,t,4
72,10,d,0
10,118,d,0
133,116,d,0
188,155,d,0
103,116,d,0
69,110,d,0
134,49,d,0
114,183,d,0
123,126,d,0
183,146,d,0
92,144,d,0
93,186,d,3
5,58,d,4
45,1,d,0
95,187,d,0
182,85,d,0
198,22,d,0
163,58,d,0
168,153,t,1
160,79,d,0
186,144,d,0
37,172,d,0
15,45,d,0
18,124,d,0
144,124,d,0
89,108,e,0
63,40,d,0
173,12,d,0
160,110,d,0
81,194,d,0
186,164,d,0
159,2,d,0
145,46,d,0
59,192,d,0
68,184,d,0
64,9,d,0
94,188,d,0
161,174,d,0
94,59,d,0
5,196,d,0
81,73,d,0
184,118,d,0
194,11,d,0
125,42,d,0
192,79,d,0
132,5,d,0
172,13,d,0
199,165,d,0
141,193,d,0
109,77,d,0
168,55,d,0
58,43,d,3
53,67,d,0
170,101,d,0
138,145,d,0
109,67,d,0
181,120,d,0
197,193,d,0
122,59,d,0
17,80,d,0
176,55,d,0
66,94,t,4
132,144,d,0
124,64,d,0
117,173,d,0
157,43,d,0
178,169,e,0
95,137,d,0
163,71,d,0
145,61,d,0
183,91,d,0
20,159,e,0
182,134,d,0
189,4,d,0
12,125,d,0
88,16,d,0
61,182,d,0
0,56,d,0
94,37,t,1
0,147,d,0
117,147,d,0
80,72,d,0
121,78,d,0
96,127,d,0
132,166,t,3
186,16,d,0
96,116,d,0
132,134,d,0
180,150,d,0
25,155,t,3
155,146,d,0
187,50,d,0
108,180,d,0
58,148,d,0
167,181,d,3
136,116,d,0
141,79,d,0
106,107,e,0
152,0,d,0
13,162,d,0
181,100,d,0
183,198,d,0
72,74,d,0
118,76,d,0
36,179,d,0
0,194,d,0
64,75,d,0
182,108,d,0
2,173,d,0
116,191,d,0
149,67,d,0
174,197,d,0
16,26,d,0
191,187,d,0
150,118,d,0
11,51,d,0
165,121,d,0
118,117,d,0
133,73,d,0
127,47,d,0
133,13,d,0
16,133,d,0
148,192,d,0
53,72,d,0
86,51,d,0
65,95,t,1
166,138,d,0
105,18,d,0
196,170,d,0
29,181,d,0
22,49,e,0
101,104,t,4
49,180,d,0
192,162,d,0
137,191,d,0
19,19,d,0
34,199,d,0
182,176,d,0
158,172,d,0
100,60,d,0
75,66,d,0
197,188,d,0
113,56,d,0
66,139,d,0
129,114,d,0
76,170,d,0
147,9,d,0
189,23,d,0
116,46,d,0
172,143,d,0
82,117,d,0
83,98,t,3
172,40,d,0
106,134,d,0
68,177,d,0
83,146,d,4
6,133,d,0
169,191,d,0
39,4,d,0
168,148,d,0
105,34,t,2
178,139,d,0
84,177,d,0
158,89,t,3
101,184,d,0
43,173,d,0
193,68,d,0
53,66,d,0
18,96,d,0
35,183,d,0
0,70,d,0
38,196,d,0
113,144,d,0
110,193,d,0
5,84,d,0
46,146,t,1
145,72,d,0
142,118,d,0
188,78,d,0
141,190,d,0
59,56,d,0
106,147,d,0
10,23,d,0
23,3,d,0
2,28,d,0
98,15,d,0
143,62,d,0
84,120,d,0
71,144,d,0
112,139,d,0
6,2,d,0
173,13,d,0
99,199,d,0
17,122,d,0
167,118,d,0
162,39,t,4
123,139,d,0
192,134,d,0
86,64,d,0
196,13,d,0
19,137,d,0
113,57,d,0
158,78,d,0
5,59,d,0
32,143,t,1
21,31,e,0
49,133,t,0
129,54,d,0
141,61,d,0
194,56,d,0
91,131,d,0
161,142,d,0
180,107,d,0
193,44,d,0
185,64,d,0
48,9,d,0
177,22,e,0
118,156,t,4
52,122,d,0
56,198,d,0
56,147,d,0
140,55,d,0
191,176,d,0
54,81,e,0
131,191,d,0
179,47,d,0
29,50,t,3
93,3,d,0
58,121,d,0
161,75,d,0
36,16,d,0
175,178,d,0
99,112,d,0
181,111,d,0
68,1,d,0
5,177,d,0
74,188,d,3
50,196,d,0
75,194,d,0
107,79,d,0
172,51,d,0
117,170,d,0
169,80,e,0
88,144,d,0
85,58,d,0
6,108,d,0
9,106,d,0
57,11,d,0
86,5,d,0
97,29,t,2
185,94,d,0
59,170,d,0
71,108,e,0
107,180,d,0
188,11,d,0
103,6,d,0
113,0,d,0
106,56,d,0
133,9,d,0
66,124,d,0
64,16,d,0
72,44,d,0
177,88,d,0
113,7,d,0
74,3,d,0
98,97,t,3
78,50,d,0
93,130,d,0
2,8,d,0
171,114,d,0
118,126,d,0
189,38,d,0
51,199,d,0
86,6,d,0
132,13,d,0
170,190,d,0
155,107,e,0
102,78,d,0
196,199,d,0
140,17,d,0
194,44,d,0
135,193,d,0
57,189,d,0
71,118,d,0
191,140,d,0
6,96,d,0
141,76,d,0
150,57,d,0
151,110,d,0
124,199,d,0
172,30,t,1
61,13,d,0
144,77,d,0
191,83,d,4
136,81,e,0
88,171,d,0
12,166,d,0
2,16,d,0
149,177,d,0
24,20,d,0
152,130,d,0
113,114,d,0
182,181,d,0
190,82,d,0
51,0,d,0
138,75,d,0
128,108,e,0
92,49,d,0
51,74,d,0
163,142,d,0
198,157,d,0
92,116,d,0
101,109,d,0
64,123,d,0
73,135,d,0
12,156,d,0
55,187,d,0
67,134,d,0
121,63,d,0
129,49,d,0
92,8,d,0
180,142,d,0
18,116,d,0
13,114,d,0
30,186,d,0
76,76,d,0
7,94,d,0
94,46,d,0
142,115,d,0
174,189,d,0
184,108,d,0
187,155,d,0
10,181,d,0
191,58,d,0
161,137,d,0
142,124,d,0
3,145,d,0
93,192,d,0
89,53,d,0
108,17,d,0
96,72,d,0
95,17,d,0
80,46,d,0
107,0,d,0
118,55,d,0
119,178,d,0
0,189,d,0
148,6,d,0
16,164,d,0
8,105,d,0
199,76,d,0
92,70,d,0
50,107,e,0
28,69,t,3
199,55,d,0
155,178,d,0
178,44,d,0
2,18,d,0
187,2,d,0
180,199,d,0
29,174,d,0
165,188,d,0
34,140,t,3
179,107,d,0
133,55,d,0
58,53,d,0
192,25,d,0
76,190,d,0
169,177,d,3
99,171,d,0
167,141,d,0
7,146,d,0
12,100,d,0
33,183,d,0
82,118,d,0
114,120,d,0
116,14,d,0
78,3,d,0
26,197,d,0
82,7,d,0
0,118,d,0
3,144,d,0
185,167,d,0
69,113,d,0
119,5,d,0
175,1,d,0
62,125,d,0
5,90,d,0
139,47,d,0
119,92,t,2
173,148,d,0
7,84,d,0
83,143,d,0
16,51,d,0
71,64,d,0
100,137,d,0
144,71,d,0
181,21,d,0
178,106,d,0
116,190,d,0
163,172,d,0
72,54,d,0
66,184,d,0
49,173,d,0
122,6,d,0
125,64,d,0
63,38,t,4
191,103,d,0
178,18,d,0
191,87,d,0
125,74,d,0
12,48,d,0
55,98,t,3
131,98,t,3
82,62,d,0
118,71,d,0
17,5,d,0
114,189,d,0
61,172,d,3
87,130,d,0
99,181,d,0
130,41,d,0
199,92,d,0
192,73,d,0
188,25,d,0
150,116,d,0
115,194,d,0
188,40,d,0
126,58,d,0
88,10,d,0
27,196,d,0
2,71,d,0
45,11,d,0
166,42,d,0
10,31,d,0
114,11,d,0
19,41,d,0
171,44,d,0
39,22,t,4
44,183,d,0
106,187,d,0
117,62,d,0
26,37,t,2
171,109,d,0
156,195,d,0
77,90,t,2
85,194,d,0
154,148,d,0
134,190,d,0
114,95,t,3
192,56,d,0
3,115,d,0
57,97,t,3
21,127,e,0
183,186,d,0
0,21,d,0
13,134,d,0
142,49,d,0
12,81,d,0
196,156,d,0
158,58,d,0
177,21,e,0
83,129,d,0
134,54,d,0
126,185,d,0
187,167,d,0
32,8,d,0
51,42,d,0
27,8,d,0
19,32,d,0
151,115,d,0
100,12,d,0
72,112,d,0
114,3,d,0
72,35,t,3
3,128,d,0
156,90,t,1
148,52,d,0
21,157,e,0
163,189,d,3
12,102,d,0
90,113,d,0
174,77,d,0
179,26,e,0
145,133,d,0
131,14,d,0
43,178,d,0
95,6,d,0
178,110,d,0
101,3,d,0
1,4,d,0
136,133,d,0
76,184,d,0
143,79,d,0
184,147,d,0
11,63,d,0
119,7,d,0
58,180,d,0
185,127,d,0
95,7,d,0
174,191,d,0
119,74,d,0
21,18,d,0
138,40,d,0
41,10,d,0
176,21,e,0
157,117,d,0
144,114,d,0
156,87,t,4
156,53,d,0
169,161,t,4
7,164,d,0
193,94,d,0
136,78,d,0
115,123,d,0
138,35,t,3
153,185,d,0
51,41,d,0
126,157,t,1
59,47,d,0
196,37,d,0
134,181,d,0
4,196,d,0
127,171,d,0
134,62,d,0
17,11,d,0
36,187,d,0
119,45,d,0
13,31,d,0
198,6,d,0
199,75,d,0
174,68,d,0
15,102,d,0
123,47,d,0
195,33,d,0
160,136,d,0
163,3,d,0
71,51,d,0
164,67,d,0
104,60,d,0
90,9,d,0
94,131,d,0
93,177,d,0
62,0,d,0
16,91,d,0
106,54,d,0
181,67,d,0
51,125,d,0
58,75,d,0
2,22,d,0
80,179,d,0
70,137,d,0
194,105,d,0
188,79,d,0
136,163,t,3
160,178,d,0
19,42,d,0
194,29,d,0
175,107,d,0
154,15,d,0
87,99,t,2
13,32,d,0
196,18,d,0
4,92,d,0
169,127,d,0
16,71,d,0
86,49,d,0
165,148,d,0
183,151,d,0
17,6,d,0
167,132,d,0
172,187,d,0
3,146,d,0
197,17,d,0
2,17,d,0
185,171,d,3
54,182,d,0
61,185,d,0
87,144,d,0
18,146,d,3
187,51,d,0
174,32,t,3
73,180,d,0
29,120,t,2
183,24,d,0
145,132,d,0
197,62,d,0
78,195,d,0
149,128,d,0
75,172,d,0
79,85,t,2
121,90,t,4
14,113,d,0
24,120,e,2
185,93,d,0
188,13,d,0
60,124,d,0
191,96,d,0
70,32,t,3
105,115,d,0
159,118,d,0
140,53,d,0
98,134,d,0
176,117,d,0
171,174,d,0
62,144,d,0
177,34,e,0
186,20,d,0
25,189,d,0
47,172,d,0
183,103,d,0
27,6,d,0
173,95,d,0
173,64,d,0
169,137,d,0
179,103,d,0
15,4,d,0
19,113,d,0
79,197,d,0
165,93,e,0
187,117,d,0
110,113,d,0
31,90,t,3
177,63,d,0
89,48,d,0
168,130,d,0
185,41,d,0
153,42,d,0
25,90,t,4
181,117,d,0
92,192,d,0
4,100,d,0
13,10,d,0
56,179,d,0
22,125,e,0
143,36,t,4
186,100,d,0
164,148,d,0
85,102,t,1
50,54,d,0
77,94,t,1
180,24,d,0
179,188,d,0
56,6,d,0
71,116,d,0
175,79,d,0
7,36,d,0
92,1,d,0
7,156,d,0
178,31,e,0
177,43,d,0
148,99,t,4
97,189,d,0
0,65,d,0
90,147,d,0
4,134,d,0
177,147,d,0
62,75,d,0
146,148,d,0
111,141,d,0
21,136,e,0
165,115,d,0
95,178,d,0
8,143,d,0
111,187,d,0
141,134,d,0
14,19,d,0
149,122,d,0
79,52,d,0
3,198,d,0
0,125,d,0
43,170,d,0
185,77,d,0
15,46,d,0
118,10,d,0
78,76,d,0
194,187,d,0
88,76,d,0
112,63,d,0
94,139,d,0
64,76,d,0
190,186,d,0
138,140,d,0
197,25,d,0
18,47,d,0
111,196,d,0
193,27,d,0
192,43,d,0
148,179,d,0
87,113,d,0
43,188,d,0
137,71,d,0
183,164,d,0
55,66,d,3
107,198,d,0
44,141,t,1
140,121,d,0
12,43,d,0
154,74,d,0
103,189,d,0
185,197,d,0
98,180,d,0
52,18,d,0
51,12,d,0
114,49,d,0
158,198,d,0
140,195,d,0
81,197,d,0
50,175,d,0
191,99,d,0
52,144,d,0
195,46,d,0
77,172,d,0
183,59,d,0
174,105,d,0
125,3,d,0
65,175,d,0
5,82,d,0
11,103,d,0
189,84,d,0
196,137,d,0
0,95,d,0
59,172,d,0
9,165,d,0
82,144,d,0
116,141,d,0
87,129,d,0
34,127,t,4
6,73,d,0
102,1,d,0
178,12,d,0
148,130,d,0
3,147,d,0
115,78,d,0
91,109,e,0
71,43,d,0
106,137,d,0
79,54,d,0
57,154,t,4
124,74,d,0
159,77,d,0
111,157,t,2
16,94,d,0
68,181,d,0
10,147,d,0
195,60,d,0
142,14,d,0
126,7,d,0
199,107,d,0
182,97,d,0
124,44,d,0
128,109,e,0
103,134,d,0
101,142,d,0
27,56,t,2
29,97,t,3
11,17,d,0
139,135,d,0
169,139,d,0
125,142,d,0
2,115,d,0
115,127,d,0
90,121,d,0
82,114,d,0
123,174,d,0
160,111,d,0
97,113,d,0
18,15,d,0
183,86,d,0
33,47,t,3
120,4,d,0
181,22,d,0
131,65,d,0
181,63,d,0
168,94,e,4
16,136,d,0
194,154,d,0
162,65,d,0
125,104,t,1
19,74,d,0
148,171,d,0
17,85,d,0
193,92,d,0
196,158,d,0
112,42,d,0
190,7,d,0
160,149,d,0
154,109,e,0
172,33,t,3
27,89,t,4
147,41,d,0
158,49,d,0
197,136,d,0
133,190,d,0
175,80,d,0
9,105,d,0
182,185,d,0
50,136,d,0
172,116,d,0
195,156,d,0
50,199,d,0
68,190,d,0
97,152,t,4
115,68,d,0
15,190,d,0
158,51,d,0
66,123,d,0
53,78,d,0
98,41,d,0
41,198,d,0
176,46,d,0
29,6,d,0
17,81,d,0
192,116,d,0
184,148,d,0
149,129,d,0
190,57,d,0
115,146,d,0
159,44,d,0
60,10,d,0
180,86,d,0
74,36,t,2
156,115,d,0
187,79,d,0
135,156,t,4
91,9,d,0
154,194,d,0
193,126,d,0
83,147,d,0
146,51,d,0
10,61,d,0
139,173,d,0
105,179,d,0
67,7,d,0
66,49,d,0
173,43,d,0
170,48,d,0
162,175,d,0
84,53,d,0
146,3,d,0
109,130,d,0
62,46,d,0
7,6,d,0
132,186,d,0
130,113,d,0
54,198,d,0
167,55,d,0
188,171,d,0
119,121,d,0
157,149,d,0
20,140,e,0
149,198,d,0
102,100,t,2
191,117,d,0
66,190,d,0
179,154,e,0
0,98,d,0
97,140,d,0
5,163,d,3
168,91,e,0
96,13,d,0
4,138,d,0
174,8,d,0
66,89,t,4
65,135,d,0
25,3,d,0
57,65,d,0
155,6,d,0
45,144,t,1
193,74,d,0
30,2,d,0
191,40,d,0
179,69,d,0
21,159,e,0
18,196,d,0
93,49,d,0
159,114,d,0
122,75,d,0
148,126,d,0
114,70,d,0
156,177,d,0
151,185,d,0
9,199,d,0
161,177,d,0
122,76,d,0
9,18,d,0
181,57,d,0
8,103,d,0
6,44,d,0
6,153,d,0
192,177,d,0
13,173,d,0
3,44,d,0
45,193,d,0
72,183,d,3
59,0,d,0
84,155,t,1
14,7,d,0
60,181,d,0
114,117,d,0
178,67,d,0
16,123,d,0
23,110,e,0
136,108,e,0
58,136,d,0
116,50,d,0
40,4,d,0
9,21,d,0
5,17,d,0
184,28,d,0
163,2,d,0
45,186,d,0
115,191,d,0
179,150,d,0
89,73,d,0
54,135,d,0
170,33,t,4
79,173,d,0
58,124,d,0
152,16,d,0
180,33,d,0
100,134,d,0
151,140,d,0
198,171,d,0
11,132,d,0
153,53,d,0
53,117,d,0
168,128,d,0
184,188,d,0
128,174,d,0
175,6,d,0
69,146,d,0
194,113,d,0
57,146,d,0
135,187,d,0
22,128,e,0
60,139,d,0
91,53,d,0
199,6,d,0
170,7,d,0
199,72,d,0
195,89,d,0
70,89,t,1
71,11,d,0
156,190,d,0
156,175,d,0
137,81,e,0
125,73,d,0
52,173,d,0
187,183,d,0
74,187,d,0
124,43,d,0
53,134,d,0
143,181,d,0
109,44,d,0
80,49,d,0
35,134,t,3
106,165,t,3
163,55,d,0
161,44,d,0
178,39,e,0
96,50,d,0
114,2,d,0
15,54,d,0
60,54,d,0
168,44,d,0
158,115,d,0
56,71,d,0
130,180,d,0
179,100,d,0
55,171,d,0
169,83,e,0
171,7,d,0
90,126,d,0
67,143,d,0
10,199,d,0
106,173,d,0
187,188,d,0
189,173,d,0
13,164,d,0
83,53,d,0
7,34,d,0
197,194,d,0
93,50,d,0
105,109,e,0
90,19,d,0
65,190,d,0
0,43,d,0
161,181,d,0
82,5,d,0
180,72,d,0
80,77,d,0
166,55,d,0
52,2,d,0
165,132,d,0
61,144,d,0
186,90,d,0
90,145,d,0
100,144,d,0
150,1,d,0
86,136,d,0
108,86,t,2
106,68,d,0
192,5,d,0
128,176,d,0
99,75,d,0
117,198,d,0
143,140,d,0
3,186,d,0
147,133,d,0
126,122,d,0
190,97,d,0
120,63,d,0
175,128,d,0
191,51,d,0
66,192,d,0
196,24,d,0
6,137,d,0
66,193,d,0
48,13,d,0
76,45,d,0
162,176,d,0
106,12,d,0
0,62,d,0
82,193,d,0
31,172,d,0
6,8,d,0
49,195,d,0
99,120,d,0
12,71,d,0
104,172,d,0
114,134,d,0
63,52,d,0
109,129,d,0
40,181,d,0
174,149,d,0
64,135,d,0
175,22,e,0
72,111,d,0
146,144,d,0
72,9,d,0
2,185,d,0
18,189,d,0
59,16,d,0
199,103,d,0
57,85,t,1
164,62,d,0
150,110,d,0
109,187,d,0
31,121,t,2
3,167,d,0
106,119,d,0
164,180,d,0
170,21,t,4
83,148,d,0
48,196,d,0
182,66,d,0
20,51,e,0
188,154,d,0
128,134,d,0
13,113,d,0
63,123,d,0
172,14,d,0
181,157,d,0
91,187,d,0
124,77,d,0
177,119,d,0
148,48,d,0
95,175,d,0
14,136,d,0
52,146,d,0
114,69,d,0
69,73,d,0
181,49,d,0
137,76,d,0
172,98,d,0
124,140,d,0
113,26,t,4
22,7,d,0
10,22,d,0
8,144,d,0
157,60,d,0
198,73,d,0
76,195,d,0
44,172,d,0
193,39,d,0
181,173,d,0
4,66,d,0
185,75,d,0
137,54,d,0
87,64,d,0
140,85,t,2
57,134,d,0
8,41,d,0
141,89,t,4
192,54,d,0
175,88,d,0
171,182,d,0
153,4,d,0
76,2,d,0
173,5,d,0
117,13,d,0
86,128,d,0
188,194,d,0
1,32,d,3
176,93,d,0
97,132,d,0
85,121,d,0
108,118,d,0
11,134,d,0
175,196,d,0
84,80,e,0
73,61,d,0
181,186,d,0
172,124,d,0
37,186,d,0
0,10,d,0
162,188,d,0
183,133,d,0
160,42,d,0
179,144,d,0
103,41,d,0
157,36,t,1
166,141,d,0
88,191,d,0
159,10,d,0
168,198,d,0
17,181,d,0
185,8,d,0
155,118,d,0
19,135,d,0
30,193,d,0
163,6,d,0
198,72,d,0
18,55,d,0
129,131,d,0
190,117,d,0
95,195,d,0
189,34,d,0
147,121,d,0
162,87,t,4
31,12,d,0
95,2,d,0
188,117,d,0
158,11,d,0
84,127,d,0
23,5,d,0
178,56,d,0
193,29,d,0
13,135,d,0
82,54,d,0
193,40,d,0
62,59,d,0
138,123,d,0
105,15,d,0
173,15,d,0
125,146,d,0
116,147,d,0
8,6,d,0
130,117,d,0
162,3,d,0
105,46,d,0
175,177,d,0
57,9,d,0
84,101,t,1
180,111,d,0
193,163,d,0
18,36,d,0
166,188,d,0
15,73,d,0
18,94,d,0
155,116,d,0
100,189,d,0
43,197,d,0
58,14,d,0
124,72,d,0
21,195,d,0
151,11,d,0
3,135,d,0
169,44,d,0
196,61,d,0
56,58,d,0
98,188,d,0
73,9,d,0
7,139,d,0
165,189,d,0
54,155,t,1
58,127,d,0
193,125,d,0
182,105,d,0
196,197,d,0
186,15,d,0
178,155,d,4
190,34,d,0
24,139,e,0
104,7,d,0
197,146,d,0
168,105,e,4
167,143,d,0
198,9,d,0
100,127,d,0
105,78,d,0
142,57,d,0
156,74,d,0
172,47,d,0
186,183,d,0
136,149,d,0
165,82,e,0
143,77,d,0
144,43,d,0
44,171,d,0
51,7,d,0
19,174,d,0
129,67,d,0
74,176,d,0
88,11,d,0
73,144,d,3
120,187,d,0
95,71,d,0
122,46,d,0
159,185,d,0
64,10,d,0
113,30,t,2
188,96,d,0
22,106,e,0
9,160,d,0
0,48,d,0
5,81,d,0
164,56,d,0
143,66,d,0
121,149,d,0
161,79,d,0
144,193,d,0
113,185,d,0
28,86,t,3
156,108,e,0
63,2,d,0
5,3,d,0
76,86,t,4
94,111,d,0
132,73,d,0
1,194,d,0
102,194,d,0
157,189,d,0
2,26,d,0
145,88,t,1
168,108,e,0
177,167,e,0
112,129,d,0
175,2,d,0
178,188,d,0
197,187,d,0
66,17,d,0
182,165,d,0
174,88,d,0
28,14,d,4
140,136,d,0
67,195,d,0
167,195,d,0
80,119,d,0
143,9,d,0
10,119,d,0
191,111,d,0
166,95,e,0
129,77,d,0
184,136,d,0
123,142,d,0
145,58,d,0
7,136,d,0
192,160,d,4
77,141,d,0
171,113,d,0
113,199,d,0
66,115,d,0
104,0,d,0
54,177,d,0
192,164,d,0
57,46,d,0
30,96,t,4
196,95,d,0
179,21,e,0
1,99,d,0
7,133,d,0
84,149,d,0
151,183,d,0
86,33,t,2
87,2,d,0
144,195,d,0
20,30,e,0
148,11,d,0
43,175,d,0
100,177,d,0
74,190,d,0
122,198,d,0
181,172,d,0
27,182,d,0
100,8,d,0
76,68,d,0
104,50,d,0
81,103,t,2
0,20,d,0
164,116,d,0
69,115,d,0
4,193,d,0
185,169,d,0
143,123,d,0
133,14,d,0
160,58,d,0
10,183,d,0
85,70,d,0
112,100,t,3
15,125,d,0
176,28,e,0
137,12,d,4
130,185,d,0
163,90,t,2
37,189,d,0
169,146,d,0
39,3,d,0
114,143,d,0
196,157,d,0
61,126,d,0
141,141,d,0
21,11,d,0
164,188,d,0
113,148,d,0
2,118,d,0
125,172,d,0
142,102,t,3
155,81,e,0
174,43,d,0
9,67,d,0
68,126,d,0
54,187,d,0
169,186,d,0
124,148,d,0
6,1,d,0
159,135,d,0
162,77,d,0
111,63,d,0
181,175,d,0
10,34,d,0
53,79,d,0
6,35,d,0
164,43,d,0
60,31,t,1
143,50,d,0
27,15,d,0
182,49,d,0
157,193,d,0
99,121,d,0
149,125,d,0
177,178,d,0
11,181,d,0
197,64,d,0
177,67,d,0
100,178,d,0
82,190,d,0
186,162,d,0
2,95,d,0
51,14,d,0
177,169,d,0
84,187,d,0
84,44,d,0
77,126,d,0
103,178,d,0
1,59,d,0
146,93,t,2
8,54,d,0
100,10,d,0
4,139,d,0
12,178,d,0
177,48,d,0
88,183,d,0
197,94,d,0
192,139,d,0
46,192,d,0
33,110,t,2
84,38,t,1
183,116,d,0
121,54,d,0
153,198,d,0
81,175,d,0
143,172,d,0
81,117,d,0
188,24,d,0
173,119,d,0
96,71,d,0
195,195,d,0
118,182,d,0
25,178,d,0
7,170,d,0
105,153,t,1
192,161,d,0
142,78,d,0
27,195,d,0
68,199,d,0
127,91,t,3
175,48,d,0
32,172,d,0
131,195,d,0
181,199,d,0
64,36,t,4
99,143,d,0
96,117,d,0
16,21,d,0
50,56,d,0
127,70,d,0
144,110,d,0
69,74,d,0
88,141,d,0
99,182,d,0
134,3,d,0
88,137,d,0
170,90,d,0
178,156,e,0
25,21,t,1
85,73,d,0
113,146,d,0
76,11,d,0
111,135,d,0
174,40,d,0
21,55,e,0
18,54,d,0
170,18,d,0
10,190,d,0
23,179,d,0
36,28,t,3
29,38,t,2
187,184,d,0
154,144,d,0
23,70,e,3
104,16,d,0
80,62,d,0
101,52,d,0
122,114,d,0
173,1,d,0
129,143,d,0
196,114,d,0
173,87,d,0
53,43,d,0
147,40,d,0
33,11,d,0
83,21,t,1
69,49,d,0
21,17,d,0
151,137,d,0
127,14,d,0
163,182,d,0
117,56,d,0
122,184,d,0
184,146,d,0
85,195,d,0
175,158,e,0
107,87,t,2
7,41,d,0
191,114,d,0
134,63,d,0
106,66,d,0
17,197,d,0
0,94,d,0
76,46,d,3
42,181,d,0
178,168,e,0
199,26,d,0
50,110,d,0
7,46,d,0
97,143,d,0
197,26,d,0
97,10,d,0
173,94,d,0
163,110,d,0
183,132,d,0
7,26,d,0
13,33,d,0
154,146,d,0
81,108,e,0
28,0,d,0
77,59,d,0
131,141,d,0
175,182,d,0
31,195,d,0
31,2,d,0
129,127,d,0
195,93,d,0
181,124,d,0
177,177,d,0
55,177,d,0
118,111,d,0
21,190,d,0
193,145,d,0
115,58,d,0
53,42,d,0
68,48,d,0
188,67,d,0
59,114,d,0
190,65,d,0
167,177,d,0
67,197,d,0
139,48,d,0
79,104,t,2
142,11,d,0
127,19,d,0
77,50,d,0
186,163,d,0
133,155,t,1
180,134,d,0
180,188,d,0
137,199,d,0
193,64,d,0
98,40,d,0
71,187,d,0
62,65,d,0
168,177,d,0
190,188,d,0
79,61,d,0
161,115,d,0
139,77,d,0
106,74,d,0
9,149,d,0
165,134,d,0
45,194,d,0
143,135,d,0
83,123,d,0
128,114,d,0
48,14,d,0
159,59,d,0
72,176,d,0
175,19,d,0
61,199,d,0
194,112,d,0
104,113,d,0
30,133,t,4
12,72,d,0
74,116,d,0
197,144,d,0
18,187,d,0
145,199,d,0
16,96,d,0
128,24,t,3
12,0,d,0
84,54,d,0
182,22,d,0
8,19,d,0
191,178,d,0
123,51,d,0
96,96,t,2
67,133,d,0
178,97,d,0
199,159,d,0
2,172,d,0
13,198,d,0
84,74,d,0
149,13,d,0
191,130,d,0
20,196,d,0
119,137,d,0
190,176,d,0
14,152,d,0
75,173,d,0
198,156,d,0
143,138,d,0
160,40,d,0
140,172,d,0
126,34,t,3
109,16,d,0
93,24,t,4
37,173,d,0
144,117,d,0
199,25,d,0
123,140,d,0
25,136,t,3
78,108,d,0
166,93,e,0
98,89,t,2
165,57,d,0
57,45,d,0
185,27,d,0
121,60,d,0
16,135,d,0
170,185,d,0
22,30,e,0
129,176,d,0
170,78,d,0
50,135,d,0
80,122,d,0
57,8,d,0
106,69,d,0
192,115,d,0
105,60,d,0
196,43,d,0
88,53,d,0
47,135,t,1
179,169,d,0
144,187,d,0
152,123,d,0
134,55,d,0
192,80,d,0
138,176,d,0
121,47,d,0
155,10,d,0
67,184,d,0
77,145,d,0
52,77,d,0
155,17,d,0
1,134,d,0
120,120,d,0
101,108,d,0
182,166,d,0
86,195,d,0
140,146,d,0
194,136,d,0
138,0,d,0
17,105,d,0
188,61,d,0
150,178,d,0
11,142,d,0
98,128,d,0
190,190,d,0
180,154,d,0
198,161,d,0
147,176,d,0
147,10,d,0
117,141,d,0
35,194,d,0
155,120,d,0
8,21,d,0
123,194,d,0
146,67,d,0
91,123,d,0
2,106,d,0
175,49,d,0
179,106,d,0
4,50,d,0
177,91,d,3
165,135,d,0
99,59,d,0
135,146,d,0
93,69,d,0
139,71,d,0
127,174,d,0
187,154,d,0
22,169,e,0
50,75,d,0
163,42,d,0
172,60,d,0
120,111,d,0
64,184,d,0
159,197,d,0
181,128,d,0
164,119,d,0
181,148,d,0
126,59,d,0
94,112,d,0
184,82,d,0
160,168,t,3
5,83,d,0
168,69,d,0
50,187,d,0
31,184,d,0
71,99,t,1
199,163,d,0
158,43,d,0
155,63,d,0
80,16,d,3
170,85,d,0
71,1,d,0
24,188,d,0
4,194,d,0
19,127,d,0
77,131,d,0
173,122,d,0
109,122,d,0
2,156,d,0
104,177,d,0
142,116,d,0
113,179,d,0
68,166,t,3
38,93,t,3
93,72,d,0
173,173,d,0
57,175,d,0
186,171,d,0
137,139,d,0
93,140,d,0
197,176,d,0
95,115,d,0
102,37,t,3
86,183,d,0
72,177,d,0
167,88,e,0
167,66,d,0
83,74,d,0
167,142,d,0
2,189,d,0
114,115,d,0
172,6,d,0
10,163,d,0
67,5,d,0
34,193,d,0
72,130,d,0
33,198,d,0
18,67,d,0
2,91,d,0
81,143,d,0
72,181,d,0
187,194,d,0
123,113,d,0
1,85,d,0
135,62,d,0
120,18,d,0
191,191,d,0
177,47,d,0
72,185,d,0
18,123,d,0
110,138,d,0
163,186,d,0
75,9,d,0
118,119,d,0
57,53,d,0
54,137,d,0
174,95,d,0
177,185,d,0
125,143,d,0
131,54,d,0
63,69,d,0
132,43,d,0
94,114,d,0
127,192,d,0
89,24,t,2
105,174,d,0
140,173,d,0
46,81,t,3
117,129,d,0
102,77,d,0
164,187,d,0
184,29,d,0
76,14,d,4
123,2,d,0
19,24,d,0
146,126,d,0
156,98,t,4
118,64,d,0
194,190,d,0
75,2,d,0
5,153,d,0
123,178,d,0
183,182,d,0
166,113,d,0
35,0,d,0
98,78,d,0
126,142,d,0
8,95,d,0
196,183,d,0
102,186,d,0
87,169,t,2
141,77,d,0
54,126,d,0
8,72,d,0
156,39,t,2
195,138,d,0
171,3,d,0
54,67,d,0
191,115,d,0
104,30,t,3
133,52,d,0
23,165,e,0
20,69,e,0
59,174,d,0
76,175,d,0
2,144,d,0
78,183,d,0
7,116,d,0
107,47,d,0
104,153,t,4
124,177,d,0
121,148,d,0
198,111,d,0
161,183,d,0
110,182,d,0
85,15,d,0
124,4,d,0
187,156,d,0
138,57,d,0
109,141,d,0
67,112,d,0
131,140,d,0
112,188,d,0
161,178,d,0
154,10,d,0
118,7,d,0
123,148,d,0
155,129,d,0
47,171,d,0
90,18,d,0
198,48,d,0
133,45,d,0
88,177,d,0
81,52,d,0
88,129,d,0
70,106,e,0
162,142,d,0
155,126,d,0
174,172,d,0
81,60,d,0
191,95,d,0
126,112,d,0
79,127,d,0
103,117,d,0
97,68,d,0
129,43,d,0
50,55,d,0
11,130,d,0
153,54,d,0
158,196,d,0
193,107,d,0
66,138,d,0
21,19,d,0
26,105,t,4
62,123,d,0
19,13,d,0
99,63,d,0
127,166,t,1
68,145,d,0
105,69,d,0
173,21,t,1
24,182,d,0
197,67,d,0
12,116,d,3
102,187,d,0
135,120,d,0
167,63,d,0
57,179,d,0
161,196,d,0
172,56,d,0
160,142,d,0
116,59,d,0
23,155,e,0
57,127,d,0
114,10,d,0
136,44,d,0
69,189,d,0
70,109,e,0
127,73,d,0
20,52,e,0
77,4,d,0
184,95,d,0
163,178,d,0
115,176,d,0
33,70,t,2
198,5,d,0
95,47,d,0
77,123,d,0
153,112,d,0
61,65,d,0
134,166,t,3
103,142,d,0
152,177,d,0
59,10,d,0
90,199,d,0
14,175,d,0
181,38,d,0
84,51,d,0
88,188,d,0
90,79,d,0
109,107,d,0
58,111,d,0
118,44,d,0
199,193,d,0
114,195,d,0
92,94,t,3
186,148,d,0
186,51,d,0
22,150,e,0
186,92,d,0
158,59,d,0
137,126,d,0
0,14,d,0
17,147,d,0
60,70,d,0
194,191,d,0
20,126,e,0
178,157,e,0
167,134,d,0
141,186,d,0
117,112,d,0
193,97,d,0
2,96,d,0
24,46,e,3
85,2,d,0
78,172,d,0
13,43,d,0
125,7,d,0
121,64,d,0
56,95,t,1
168,64,d,0
105,197,d,0
154,75,d,0
192,14,d,0
156,83,e,0
3,24,d,0
193,144,d,0
118,72,d,0
37,0,d,0
86,177,d,0
198,13,d,0
110,74,d,0
171,97,d,0
113,135,d,0
118,51,d,0
152,43,d,0
2,2,d,0
5,34,d,0
122,141,d,0
184,190,d,0
167,113,d,0
198,189,d,0
100,100,t,3
73,44,d,0
170,76,d,0
33,197,d,0
137,107,d,0
24,6,d,0
184,117,d,0
96,194,d,0
181,79,d,0
137,19,d,0
168,138,d,0
193,147,d,0
197,134,d,0
87,84,d,0
126,6,d,0
5,20,d,0
194,106,d,0
125,174,d,0
177,28,e,0
176,29,d,0
122,179,d,0
29,153,t,1
128,64,d,0
185,186,d,0
116,107,e,0
64,124,d,0
70,195,d,0
140,86,t,2
177,159,e,4
51,54,d,0
89,179,d,0
72,91,t,4
120,175,d,0
1,47,d,0
45,2,d,0
112,27,t,1
183,71,d,0
97,120,d,0
187,193,d,0
8,173,d,0
84,9,d,0
117,7,d,0
171,5,d,0
95,182,d,0
189,51,d,0
96,186,d,0
116,119,d,0
29,102,t,1
148,56,d,0
79,114,d,0
52,125,d,0
156,18,d,0
60,142,d,0
134,42,d,0
36,0,d,0
161,173,d,0
170,68,d,0
15,104,d,0
10,74,d,0
144,138,d,0
106,50,d,0
49,181,d,0
186,14,d,0
13,170,d,0
73,113,d,0
172,131,d,0
145,112,d,0
95,144,d,0
50,121,d,0
37,199,d,0
12,42,d,0
168,84,e,0
177,125,d,0
170,77,d,0
115,105,e,0
56,115,d,0
4,9,d,0
167,84,e,0
118,174,d,0
107,3,d,0
103,76,d,0
7,192,d,0
55,116,d,0
86,191,d,0
122,117,d,0
12,167,d,0
101,73,d,0
183,144,d,0
82,108,e,0
185,79,d,0
129,110,d,0
131,139,d,0
130,46,d,0
82,185,d,0
122,57,d,0
129,82,e,0
166,193,d,0
63,42,d,0
99,51,d,0
116,63,d,0
91,145,d,0
123,127,d,0
72,133,d,0
13,103,d,0
51,76,d,0
199,22,d,0
150,124,d,0
12,44,d,0
91,78,d,0
180,55,d,0
134,72,d,0
101,67,d,0
142,62,d,0
55,6,d,0
177,108,d,0
33,9,d,0
161,0,d,0
116,72,d,0
6,17,d,0
100,59,d,0
96,3,d,0
32,12,d,0
139,52,d,0
199,150,d,0
97,129,d,0
55,170,d,0
156,170,d,0
133,192,d,0
0,47,d,0
41,9,d,0
123,60,d,0
8,127,d,0
11,143,d,0
151,63,d,0
60,145,d,0
146,179,d,0
79,17,d,0
111,88,t,2
161,113,d,0
143,175,d,0
70,98,t,2
110,174,d,0
197,86,d,0
109,143,d,0
179,105,d,0
179,45,d,0
138,135,d,0
199,187,d,0
152,51,d,0
49,87,t,1
19,39,d,0
4,14,d,0
57,195,d,0
31,192,d,0
11,145,d,0
65,114,d,0
92,42,d,0
163,75,d,0
92,3,d,0
196,38,d,0
31,130,t,2
97,47,d,0
139,142,d,0
90,100,t,3
48,0,d,0
9,10,d,0
188,26,d,0
143,186,d,0
153,143,d,0
72,59,d,0
85,80,e,0
109,197,d,0
190,137,d,0
87,95,t,3
11,42,d,0
10,21,d,0
88,9,d,0
12,24,d,0
7,32,d,0
130,118,d,0
192,18,d,0
3,25,d,0
14,101,d,0
113,11,d,0
14,0,d,0
178,90,d,0
134,183,d,0
29,116,t,2
1,114,d,0
47,3,d,0
189,163,d,3
69,180,d,0
185,118,d,0
131,66,d,0
30,187,d,0
47,8,d,0
92,127,d,0
0,2,d,0
104,75,d,0
11,131,d,0
101,124,d,0
162,133,d,0
87,100,t,3
9,146,d,0
13,59,d,0
13,104,d,0
157,130,d,0
152,110,d,0
188,114,d,0
32,1,d,0
84,103,t,2
16,199,d,0
62,131,d,0
43,174,d,0
48,100,t,4
198,155,d,0
180,190,d,0
157,98,t,4
44,194,d,0
129,68,d,0
128,44,d,0
132,173,d,0
110,68,d,0
53,55,d,0
22,172,d,0
7,186,d,0
148,154,t,4
39,184,d,0
199,54,d,0
155,158,t,4
115,81,e,0
172,71,d,0
177,90,d,0
1,15,d,0
174,187,d,0
99,72,d,0
196,147,d,0
174,83,d,0
50,7,d,0
112,54,d,0
101,195,d,0
11,179,d,0
7,35,d,0
118,9,d,0
133,171,d,0
186,26,d,0
153,73,d,0
134,80,e,0
104,45,d,0
198,76,d,0
198,133,d,0
21,175,d,0
63,68,d,4
176,135,d,0
13,143,d,0
5,115,d,0
56,117,d,0
107,49,d,0
192,165,d,0
13,181,d,0
3,153,d,0
105,143,d,0
151,126,d,0
141,123,d,0
6,15,d,0
162,185,d,0
54,65,d,0
199,137,d,0
29,178,d,0
190,81,d,0
60,111,d,0
155,149,d,0
79,47,d,0
87,149,d,0
59,183,d,0
151,123,d,0
103,186,d,0
112,140,d,0
71,74,d,0
118,139,d,0
57,121,d,0
198,29,d,0
3,139,d,0
106,49,d,0
187,164,d,0
93,40,d,3
193,2,d,0
82,55,d,0
123,177,d,0
170,80,d,0
85,122,d,0
34,173,d,0
11,106,d,0
3,116,d,0
100,120,d,0
78,55,d,0
197,27,d,0
17,118,d,0
105,130,d,0
27,14,d,0
199,118,d,0
125,173,d,0
141,78,d,0
62,76,d,0
199,174,d,0
84,123,d,0
63,33,t,3
150,137,d,0
0,96,d,0
167,11,d,0
87,110,d,0
180,183,d,0
62,5,d,4
146,6,d,0
4,76,d,0
97,50,d,0
122,8,d,0
19,75,d,0
94,63,d,0
10,59,d,0
161,141,d,0
178,95,d,0
65,64,d,0
52,8,d,0
126,26,t,2
79,70,d,0
156,67,d,0
194,85,d,0
136,71,d,0
101,180,d,0
66,66,d,0
66,140,d,0
170,110,d,0
198,30,d,3
102,191,d,0
127,136,d,0
125,17,d,0
146,37,t,2
192,30,d,0
112,58,d,0
151,138,d,0
82,170,d,0
82,107,e,0
65,59,d,0
142,73,d,0
115,136,d,0
0,128,d,0
101,196,d,0
157,173,d,0
161,62,d,0
113,115,d,0
118,198,d,0
21,65,e,0
9,19,d,0
4,7,d,0
32,185,d,0
174,126,d,0
69,171,d,0
179,77,d,0
8,159,d,0
5,199,d,0
192,173,d,0
12,135,d,0
165,190,d,0
187,182,d,0
180,182,d,0
189,1,d,0
20,112,e,0
184,96,d,0
15,189,d,0
188,20,d,0
145,139,d,0
181,147,d,0
90,136,d,0
71,13,d,0
163,173,d,0
105,70,d,0
67,135,d,0
146,80,e,0
189,83,d,0
188,4,d,0
63,10,d,0
198,16,d,0
22,198,d,0
116,6,d,0
153,14,d,0
108,186,d,0
189,12,d,0
62,67,d,0
17,46,d,0
103,196,d,0
101,68,d,0
63,187,d,0
26,172,d,0
16,107,d,0
15,173,d,0
108,74,d,0
193,170,d,0
129,39,t,0
93,54,d,0
183,99,d,0
20,92,e,3
9,11,d,0
19,149,d,0
18,1,d,0
69,3,d,0
131,119,d,0
15,12,d,0
183,36,d,0
177,181,d,0
198,169,d,0
170,114,d,0
13,45,d,0
154,66,d,0
18,122,d,0
168,115,d,0
163,171,d,0
138,124,d,0
168,54,d,0
12,2,d,0
1,44,d,0
191,132,d,0
10,38,d,0
25,153,t,4
134,144,d,0
169,121,d,0
137,61,d,0
123,134,d,0
87,57,d,0
133,189,d,0
149,72,d,0
131,41,d,0
115,26,t,1
95,67,d,0
65,196,d,0
166,17,d,0
86,12,d,0
76,18,d,0
194,1,d,0
101,178,d,0
121,51,d,0
93,173,d,0
1,195,d,0
45,195,d,0
125,117,d,0
144,76,d,0
134,107,e,0
182,77,d,0
180,187,d,0
17,191,d,0
98,52,d,0
0,55,d,0
184,143,d,0
48,174,d,0
101,182,d,0
181,37,d,0
77,134,d,0
76,8,d,0
63,112,d,0
73,120,d,0
78,115,d,0
8,40,d,0
187,165,d,0
160,69,d,0
154,181,d,0
186,44,d,0
75,68,d,0
178,129,d,0
6,9,d,0
62,138,d,4
94,79,d,0
3,96,d,0
83,49,d,0
124,187,d,0
16,95,d,0
73,45,d,0
174,51,d,0
59,171,d,0
117,113,d,0
79,71,d,0
182,95,d,0
175,119,d,0
104,118,d,0
106,132,d,0
10,18,d,0
123,10,d,0
36,8,d,0
174,64,d,0
131,88,t,3
167,112,d,0
194,141,d,0
163,97,t,4
184,185,d,0
118,195,d,0
158,180,d,0
97,139,d,0
175,111,d,0
183,107,d,0
111,19,d,0
53,16,d,0
79,10,d,0
84,116,d,0
95,77,d,0
155,47,d,0
28,57,t,2
128,61,d,0
88,121,d,0
134,133,d,0
194,92,d,0
121,141,d,0
169,58,d,0
84,69,d,0
110,5,d,0
94,119,d,0
13,39,d,0
114,91,t,4
187,26,d,0
12,192,d,0
177,74,d,0
152,66,d,0
141,17,d,0
177,106,d,0
193,55,d,0
112,47,d,0
143,10,d,0
146,130,d,0
60,43,d,0
64,194,d,0
152,49,d,0
34,170,d,0
115,73,d,0
146,13,d,0
182,73,d,0
0,127,d,0
1,31,d,0
21,199,d,0
160,78,d,0
7,193,d,0
137,137,d,0
80,66,d,0
161,96,t,4
53,183,d,0
160,151,t,2
14,122,d,0
81,174,d,0
7,28,d,0
120,8,d,0
33,7,d,0
173,178,d,0
176,190,d,0
8,158,d,0
156,197,d,0
182,44,d,0
162,194,d,0
156,198,d,0
182,56,d,0
33,6,d,0
169,76,d,0
37,24,t,1
83,126,d,0
199,135,d,0
86,174,d,0
177,182,d,0
80,136,d,0
62,55,d,0
178,40,d,0
12,34,d,0
185,15,d,0
115,109,e,0
84,199,d,0
92,133,d,0
8,187,d,0
175,146,d,0
150,121,d,0
96,148,d,0
68,54,d,0
144,45,d,3
56,144,d,0
141,137,d,0
131,53,d,0
66,113,d,0
197,93,d,0
71,179,d,0
198,41,d,0
45,8,d,0
121,75,d,4
153,127,d,0
86,190,d,0
185,161,d,0
162,120,d,0
7,56,d,0
9,197,d,0
130,90,t,4
9,179,d,0
49,9,d,0
22,69,e,0
158,114,d,0
22,140,e,0
83,73,d,0
189,175,d,0
93,199,d,0
95,196,d,0
32,17,d,0
6,0,d,0
21,106,e,4
195,20,d,0
125,12,d,0
76,171,d,0
16,142,d,3
196,83,d,0
68,194,d,0
8,154,d,0
98,140,d,0
7,97,d,0
171,116,d,0
84,186,d,0
157,144,d,0
156,94,t,1
115,4,d,0
34,80,t,1
167,65,d,0
12,25,d,0
178,138,d,0
97,114,d,0
90,78,d,0
99,79,d,0
69,18,d,0
135,43,d,0
65,134,d,0
161,189,d,0
20,149,e,0
86,16,d,0
165,122,d,0
106,35,t,4
4,65,d,0
72,182,d,0
79,187,d,0
184,167,d,4
171,129,d,0
116,51,d,0
60,2,d,0
159,115,d,0
125,194,d,0
68,100,t,1
179,51,d,0
188,129,d,0
84,5,d,0
8,157,d,0
71,75,d,0
113,95,t,3
180,128,d,0
141,8,d,0
78,196,d,0
81,186,d,0
135,59,d,0
197,105,d,0
19,76,d,0
152,190,d,0
73,58,d,0
53,17,d,0
139,165,t,3
13,192,d,0
163,191,d,0
11,74,d,0
137,163,t,1
14,100,d,0
58,73,d,0
91,19,d,0
185,76,d,0
196,132,d,0
143,40,d,0
196,174,d,0
169,189,d,0
177,188,d,0
69,170,d,0
168,80,e,0
109,10,d,0
153,103,t,2
99,142,d,0
150,191,d,0
21,144,e,0
136,143,d,0
162,40,d,0
35,198,d,0
161,145,d,0
193,169,d,0
83,78,d,0
186,29,d,0
191,88,d,0
18,91,d,0
152,134,d,0
141,52,d,0
114,58,d,0
5,174,d,0
188,125,d,0
35,3,d,0
22,130,e,0
32,173,d,0
131,73,d,0
147,177,d,0
106,76,d,0
120,142,d,0
35,7,d,0
186,42,d,0
11,144,d,0
125,141,d,0
163,46,d,0
188,74,d,0
188,178,d,0
37,170,d,0
183,118,d,0
11,155,d,0
82,145,d,0
167,107,e,0
189,35,d,0
60,172,d,0
91,136,d,0
194,6,d,0
62,109,e,0
11,4,d,0
67,186,d,0
118,98,t,1
76,197,d,0
10,132,d,4
91,177,d,0
176,17,d,0
27,17,d,0
21,130,e,0
177,52,d,0
53,44,d,0
158,45,d,0
192,138,d,0
120,193,d,0
60,11,d,0
34,182,d,0
167,71,d,0
114,130,d,0
195,104,d,0
175,180,d,0
101,176,d,0
73,2,d,0
52,134,d,0
148,112,d,0
105,74,d,0
171,49,d,0
62,122,d,0
164,46,d,0
116,64,d,0
129,8,d,0
5,152,d,0
120,49,d,0
82,16,d,0
84,59,d,0
94,132,d,0
67,4,d,0
148,110,d,0
130,73,d,0
20,81,e,0
139,17,d,0
157,42,d,0
199,1,d,0
170,102,d,0
61,178,d,0
166,125,d,0
126,71,d,0
10,94,d,0
15,55,d,0
60,176,d,0
23,8,d,0
181,132,d,0
188,51,d,0
9,171,d,0
180,176,d,0
87,69,d,0
179,0,d,0
87,44,d,0
185,49,d,0
188,151,d,0
116,2,d,0
38,15,d,0
166,84,e,0
112,195,d,0
145,48,d,0
11,28,d,0
12,75,d,0
14,145,d,0
116,48,d,0
171,56,d,0
23,156,e,0
5,26,d,0
11,20,d,0
133,19,d,0
51,55,d,0
117,81,e,0
152,172,d,0
30,26,t,2
21,32,e,0
183,74,d,0
90,12,d,0
10,136,d,0
133,180,d,0
105,176,d,0
182,83,d,0
112,199,d,0
191,31,d,0
155,12,d,0
121,68,d,0
159,199,d,0
191,30,d,0
104,124,d,0
181,119,d,0
161,191,d,0
181,34,d,0
180,173,d,0
145,140,d,0
22,51,e,0
97,121,d,0
30,195,d,0
158,48,d,0
185,115,d,0
108,126,d,0
129,74,d,0
114,181,d,0
10,64,d,0
63,114,d,3
175,81,d,0
156,157,t,4
21,63,e,0
127,132,d,0
89,117,d,0
127,182,d,0
124,42,d,0
24,12,d,0
50,190,d,0
164,144,d,0
70,199,d,0
135,172,d,0
170,98,d,0
134,100,t,3
125,115,d,0
99,114,d,0
117,114,d,0
108,41,d,0
105,139,d,0
17,178,d,0
82,116,d,0
87,119,d,0
92,190,d,0
80,48,d,0
58,183,d,0
99,41,d,0
92,50,d,0
183,137,d,0
121,124,d,0
128,5,d,0
156,5,d,0
54,145,d,0
18,131,d,0
12,124,d,0
71,80,e,0
186,6,d,0
191,122,d,0
190,144,d,0
198,99,d,0
112,173,d,0
108,52,d,0
60,15,d,0
171,136,d,0
96,68,d,0
184,27,d,0
103,112,d,0
136,54,d,0
61,135,d,0
0,24,d,0
151,15,d,0
198,105,d,0
120,198,d,0
123,122,d,0
144,122,d,0
136,184,d,0
7,75,d,0
94,178,d,0
51,111,d,0
178,122,d,0
96,58,d,0
24,8,d,0
101,179,d,0
178,78,d,0
14,176,d,0
184,66,d,0
104,67,d,0
166,43,d,0
179,15,d,0
97,90,t,1
116,7,d,0
172,127,d,0
168,190,d,0
92,69,d,0
122,1,d,0
10,66,d,0
1,199,d,0
13,1,d,0
111,178,d,0
84,145,d,0
2,79,d,0
166,133,d,0
132,60,d,0
54,134,d,0
185,184,d,0
190,111,d,0
147,175,d,0
188,75,d,0
148,75,d,0
139,57,d,0
135,55,d,0
193,191,d,0
89,52,d,0
63,125,d,0
90,180,d,0
81,193,d,0
193,188,d,0
10,93,d,0
75,142,d,0
154,145,d,0
20,70,e,0
99,124,d,0
180,29,d,0
129,59,d,0
154,190,d,0
187,158,d,0
33,58,t,3
154,6,d,0
87,139,d,0
166,134,d,0
89,199,d,0
51,2,d,0
96,45,d,0
196,3,d,0
147,188,d,0
184,16,d,0
83,172,d,0
55,82,e,0
6,197,d,0
96,178,d,0
94,198,d,0
165,45,d,0
15,43,d,0
30,181,d,0
83,142,d,0
107,115,d,0
67,123,d,0
195,48,d,0
91,88,t,3
53,143,d,0
110,177,d,0
195,144,d,0
124,146,d,0
20,168,e,0
15,15,d,0
188,53,d,0
20,113,e,0
84,92,t,1
13,196,d,0
12,169,d,0
65,126,d,0
134,124,d,0
105,194,d,0
98,181,d,0
79,67,d,0
104,114,d,0
0,53,d,0
7,86,d,0
77,122,d,0
9,90,d,0
13,126,d,0
22,63,e,0
171,19,d,0
15,117,d,0
144,50,d,0
23,25,e,0
7,169,d,0
162,10,d,0
177,49,d,0
179,186,d,0
156,187,d,0
136,56,d,0
193,175,d,0
12,89,d,0
142,120,d,0
32,102,t,3
192,181,d,0
32,81,t,2
173,133,d,0
127,115,d,0
179,92,d,0
143,3,d,0
117,44,d,0
10,51,d,0
126,182,d,0
96,142,d,0
17,104,d,0
54,18,d,0
8,78,d,0
146,174,d,0
22,15,d,0
34,12,d,0
125,93,t,4
142,191,d,0
17,192,d,0
132,44,d,0
148,73,d,0
180,1,d,0
184,102,d,0
20,4,d,0
51,184,d,0
144,64,d,0
195,4,d,0
131,109,e,0
101,4,d,0
197,104,d,0
2,89,d,0
143,189,d,0
46,2,d,0
157,72,d,0
35,11,d,0
124,45,d,0
75,40,d,0
88,139,d,0
95,83,e,0
86,146,d,0
182,61,d,0
69,131,d,0
93,66,d,0
70,114,d,0
58,42,d,0
116,146,d,0
145,182,d,0
99,14,d,0
185,40,d,0
199,162,d,0
179,168,e,0
45,185,d,0
109,195,d,0
178,23,e,4
15,129,d,0
94,146,d,0
117,156,t,3
3,181,d,0
126,147,d,0
107,176,d,0
182,117,d,0
29,69,t,4
161,4,d,0
148,119,d,0
178,8,d,0
180,11,d,0
20,29,e,4
141,9,d,0
49,116,t,3
162,163,t,3
51,177,d,0
91,77,d,0
183,90,d,0
195,155,d,0
74,117,d,0
128,197,d,0
180,38,d,0
54,125,d,0
15,171,d,0
133,121,d,0
170,44,d,0
69,4,d,0
88,25,t,3
190,66,d,0
190,164,d,0
65,136,d,0
118,42,d,0
32,120,t,3
7,165,d,0
161,61,d,0
67,148,d,0
21,100,e,0
49,12,d,0
96,115,d,0
62,53,d,0
91,75,d,0
41,175,d,0
192,163,d,0
63,193,d,0
179,197,d,0
155,189,d,0
179,88,d,0
95,183,d,0
139,193,d,0
172,196,d,0
119,112,d,0
70,57,d,0
75,171,d,0
41,199,d,0
115,63,d,0
98,176,d,0
124,126,d,0
158,133,d,0
109,15,d,0
90,185,d,0
194,59,d,0
89,13,d,0
194,144,d,0
125,79,d,0
197,130,d,0
57,144,d,0
134,53,d,0
71,191,d,0
161,134,d,0
92,195,d,0
84,10,d,0
0,115,d,0
149,46,d,0
137,53,d,0
138,68,d,0
26,46,t,1
20,129,e,0
57,77,d,0
186,170,d,0
92,100,t,4
140,66,d,0
97,118,d,0
191,37,d,0
60,64,d,0
160,182,d,0
55,115,d,0
132,114,d,0
138,82,e,0
171,111,d,0
135,173,d,0
123,172,d,0
134,123,d,0
125,188,d,0
128,78,d,0
72,49,d,0
193,186,d,0
100,56,d,0
104,58,d,0
40,174,d,0
83,125,d,0
60,126,d,0
143,41,d,0
97,1,d,0
15,185,d,0
127,141,d,0
29,0,d,0
125,176,d,0
199,166,d,3
25,177,d,0
55,94,t,1
130,119,d,0
186,191,d,0
179,153,e,0
58,155,t,2
65,55,d,0
119,124,d,0
61,137,d,0
198,12,d,0
10,85,d,0
78,110,d,0
10,36,d,0
24,100,e,3
168,62,d,0
150,71,d,0
145,124,d,0
96,44,d,0
131,10,d,0
0,84,d,0
187,47,d,0
169,17,d,0
40,1,d,0
108,187,d,0
6,20,d,0
85,18,d,0
114,133,d,0
59,194,d,0
194,153,d,0
166,67,d,0
124,132,d,0
10,77,d,0
107,59,d,0
6,92,d,0
123,49,d,0
137,155,t,4
142,77,d,0
75,97,t,2
70,62,d,0
64,3,d,0
125,110,d,0
122,62,d,0
96,12,d,0
24,171,d,0
56,65,d,0
156,171,d,0
188,149,d,0
193,56,d,0
56,18,d,0
194,21,d,0
67,30,t,2
9,47,d,0
58,141,d,0
161,146,d,0
136,47,d,0
186,106,d,0
129,132,d,0
110,194,d,0
67,74,d,4
97,46,d,0
96,75,d,0
9,24,d,0
8,75,d,0
99,56,d,0
194,7,d,0
83,93,t,3
66,6,d,0
13,124,d,0
158,102,t,1
175,89,d,0
33,76,t,2
155,176,d,0
56,175,d,0
176,181,d,0
72,61,d,0
114,53,d,0
181,80,d,0
184,61,d,0
126,127,d,0
175,185,d,0
40,191,d,0
188,196,d,0
50,2,d,0
85,109,e,0
154,124,d,0
81,184,d,0
147,73,d,0
75,62,d,0
8,77,d,0
7,24,d,0
193,71,d,0
6,169,d,0
148,14,d,0
178,93,d,0
167,173,d,0
22,70,e,0
195,133,d,0
160,130,d,0
193,24,d,0
192,62,d,0
194,151,d,0
131,63,d,0
1,30,d,0
169,143,d,0
149,71,d,0
158,194,d,0
156,73,d,0
125,49,d,0
155,11,d,0
0,145,d,0
76,191,d,0
135,3,d,0
197,76,d,0
59,133,d,0
12,74,d,0
189,36,d,0
182,179,d,0
10,145,d,0
75,199,d,0
83,132,d,0
181,45,d,0
126,82,e,0
163,146,d,0
90,193,d,0
179,37,e,0
108,193,d,0
187,75,d,0
128,10,d,0
184,47,d,0
5,161,d,0
59,196,d,0
101,60,d,0
19,25,d,0
105,42,d,0
184,135,d,0
167,47,d,0
135,106,e,0
61,48,d,0
103,99,t,1
59,42,d,0
15,58,d,0
67,142,d,0
55,133,d,0
3,35,d,0
82,127,d,0
14,3,d,0
160,63,d,0
88,73,d,0
90,99,t,2
162,137,d,0
118,124,d,0
193,0,d,0
183,165,d,0
168,78,d,0
147,122,d,0
21,186,d,0
18,46,d,0
73,34,t,2
152,186,d,0
19,170,d,0
139,36,t,3
79,119,d,0
52,187,d,0
181,145,d,0
144,134,d,0
190,168,d,0
14,72,d,0
169,16,d,0
28,173,d,0
79,5,d,0
159,140,d,0
153,24,t,4
165,84,e,0
84,0,d,0
82,177,d,0
14,64,d,0
80,61,d,0
7,7,d,0
147,199,d,0
27,193,d,0
188,0,d,0
181,101,d,0
169,99,e,0
61,80,e,0
112,192,d,0
87,14,d,0
136,115,d,0
9,166,d,0
104,8,d,0
61,124,d,0
73,68,d,0
80,108,e,0
176,78,d,0
15,146,d,0
12,177,d,0
66,8,d,0
175,184,d,0
116,54,d,0
193,168,d,4
86,118,d,0
172,115,d,0
79,188,d,0
49,90,t,3
74,39,t,4
12,35,d,0
78,96,t,3
100,49,d,0
129,193,d,0
78,189,d,0
158,6,d,0
53,198,d,0
14,114,d,0
12,163,d,0
51,90,t,1
171,1,d,0
125,58,d,0
31,159,t,3
56,69,d,0
14,133,d,0
116,172,d,0
3,149,d,0
146,24,t,1
88,173,d,0
86,8,d,0
139,172,d,0
89,126,d,0
155,109,e,0
143,112,d,0
198,88,d,0
134,189,d,0
167,148,d,0
169,74,d,0
195,179,d,0
153,5,d,0
64,196,d,0
137,136,d,0
17,51,d,0
94,64,d,0
199,181,d,0
1,23,d,0
77,11,d,0
182,107,d,0
163,196,d,0
188,23,d,0
78,171,d,0
191,184,d,0
48,10,d,0
94,109,e,0
17,45,d,0
149,134,d,0
118,197,d,0
38,184,d,0
76,172,d,0
198,20,d,0
124,173,d,0
138,142,d,0
136,67,d,0
74,112,d,0
193,154,d,0
128,75,d,0
8,195,d,0
155,185,d,0
190,78,d,0
189,69,d,0
164,97,t,4
137,182,d,0
21,51,e,0
17,193,d,0
105,62,d,0
180,189,d,0
132,184,d,0
3,170,d,0
82,60,d,0
152,129,d,0
127,176,d,0
173,186,d,0
14,74,d,0
167,42,d,0
167,89,e,0
186,88,d,0
173,183,d,0
107,118,d,0
93,143,d,0
124,55,d,0
14,18,d,0
138,111,d,0
183,54,d,0
113,197,d,0
77,66,d,0
57,126,d,0
98,189,d,0
102,57,d,0
144,102,t,3
124,109,e,0
120,143,d,0
123,19,d,0
23,21,e,0
67,1,d,0
150,64,d,0
131,44,d,0
62,110,d,0
13,20,d,0
94,69,d,0
4,129,d,0
65,75,d,0
174,98,d,0
57,192,d,0
72,2,d,0
138,132,d,0
74,125,d,0
19,61,d,0
172,69,d,0
4,116,d,0
162,183,d,0
13,11,d,0
195,36,d,0
168,139,d,0
147,187,d,0
92,80,e,0
12,87,d,4
106,51,d,0
67,3,d,0
84,94,t,3
174,198,d,0
34,7,d,0
190,35,d,0
164,61,d,0
45,197,d,0
83,186,d,0
119,13,d,0
14,112,d,0
33,196,d,0
127,198,d,0
183,47,d,0
194,167,d,0
18,45,d,0
129,62,d,0
64,191,d,0
9,141,d,0
81,93,t,1
125,191,d,0
192,95,d,0
101,117,d,0
168,179,d,0
17,190,d,0
57,76,d,0
46,16,d,0
142,55,d,0
171,128,d,0
85,183,d,0
91,132,d,0
87,0,d,0
108,0,d,0
137,63,d,0
171,88,d,0
35,2,d,0
186,116,d,0
137,127,d,0
160,198,d,0
135,77,d,0
160,172,d,0
160,141,d,0
65,185,d,0
121,188,d,0
122,42,d,0
60,143,d,0
55,40,d,0
110,110,d,0
151,61,d,0
183,100,d,0
61,109,e,0
193,59,d,0
89,127,d,0
62,199,d,0
15,57,d,0
84,178,d,0
96,57,d,0
188,123,d,0
61,104,t,2
18,71,d,0
19,151,d,0
181,121,d,0
177,30,e,0
23,6,d,0
159,34,t,1
118,63,d,0
26,163,t,4
176,145,d,0
122,55,d,0
169,133,d,0
112,68,d,0
148,182,d,0
8,155,d,0
121,46,d,0
107,63,d,0
80,188,d,0
184,3,d,0
6,75,d,0
170,194,d,0
129,58,d,0
89,174,d,0
146,146,d,0
178,176,d,0
43,5,d,0
73,125,d,0
114,135,d,0
193,104,d,0
97,76,d,0
16,183,d,0
15,75,d,0
164,47,d,0
62,74,d,0
38,16,d,0
69,48,d,0
9,68,d,0
86,79,d,0
77,41,d,0
195,9,d,0
0,99,d,0
5,42,d,0
150,194,d,0
78,75,d,0
31,142,t,2
189,54,d,0
115,43,d,0
190,94,d,0
95,109,e,0
45,180,d,0
16,106,d,0
139,63,d,0
95,60,d,0
68,17,d,0
12,115,d,0
175,118,d,0
3,18,d,0
90,8,d,0
114,121,d,0
78,131,d,0
8,125,d,0
99,89,t,1
71,173,d,0
23,28,e,0
191,129,d,0
158,56,d,0
177,68,d,0
182,109,d,0
160,9,d,0
179,44,d,0
69,194,d,0
3,11,d,0
170,14,d,0
53,1,d,0
173,0,d,0
111,47,d,0
157,10,d,0
150,46,d,0
12,165,d,0
21,137,e,0
189,60,d,0
190,9,d,0
111,42,d,0
100,126,d,0
5,149,d,0
167,25,t,3
97,117,d,0
174,96,d,0
7,65,d,0
146,112,d,0
101,121,d,0
173,145,d,0
137,24,t,1
55,182,d,0
182,112,d,0
185,60,d,0
23,175,d,0
197,74,d,0
85,131,d,0
194,13,d,0
130,72,d,0
6,42,d,0
60,45,d,0
88,57,d,0
179,2,d,0
145,197,d,0
196,4,d,0
54,56,d,0
135,70,d,0
47,178,d,0
81,69,d,0
7,134,d,0
0,26,d,0
141,130,d,0
9,23,d,0
84,171,d,0
19,43,d,0
55,89,t,4
197,24,d,0
90,53,d,0
124,198,d,0
128,3,d,0
160,108,e,0
4,132,d,0
39,1,d,0
23,49,e,0
129,117,d,0
154,191,d,0
20,20,e,0
61,55,d,0
61,90,t,3
149,16,d,0
30,180,d,0
116,138,d,0
142,179,d,0
65,189,d,0
59,175,d,0
62,79,d,0
34,178,d,0
25,140,t,3
189,150,d,0
189,9,d,0
188,177,d,0
155,16,d,0
190,96,d,0
58,199,d,0
162,114,d,0
4,120,d,0
58,135,d,0
138,64,d,0
182,186,d,0
167,152,t,3
116,61,d,0
96,128,d,0
79,142,d,0
178,183,d,0
53,145,d,0
147,16,d,0
14,144,d,0
13,77,d,0
82,147,d,0
79,9,d,0
179,185,d,0
77,171,d,0
188,134,d,0
161,119,d,0
36,9,d,0
47,195,d,0
185,154,d,0
23,0,d,0
124,136,d,0
139,116,d,0
117,149,d,0
165,119,d,0
97,64,d,0
114,47,d,0
61,46,d,0
118,112,d,0
153,72,d,0
52,115,d,0
169,68,d,0
124,185,d,0
55,132,d,0
37,196,d,0
114,79,d,0
91,188,d,0
12,88,d,0
16,132,d,0
77,170,d,0
59,132,d,0
179,38,e,0
56,185,d,0
30,39,t,2
122,147,d,0
171,112,d,0
188,130,d,0
191,20,d,0
14,62,d,0
150,199,d,0
27,36,t,4
142,48,d,0
13,106,d,0
27,163,t,4
158,178,d,0
76,80,e,0
60,53,d,0
51,178,d,0
82,136,d,0
126,176,d,0
182,65,d,0
73,117,d,0
146,190,d,0
132,135,d,0
144,191,d,0
78,180,d,0
24,195,d,0
188,77,d,0
86,66,d,0
180,2,d,0
85,43,d,0
83,57,d,0
52,96,t,1
143,74,d,0
197,112,d,0
81,54,d,0
11,85,d,0
176,187,d,0
142,144,d,0
36,10,d,0
78,136,d,0
156,112,d,0
69,147,d,0
65,197,d,0
54,49,d,0
183,82,d,0
101,181,d,0
108,111,d,0
55,65,d,0
11,95,d,0
41,177,d,0
118,8,d,0
124,41,d,0
189,3,d,0
46,191,d,0
161,133,d,0
117,40,d,0
10,106,d,0
135,123,d,0
51,123,d,4
198,60,d,0
70,61,d,0
17,14,d,0
35,12,d,0
22,193,d,0
172,49,d,0
1,156,d,0
98,0,d,0
191,34,d,0
47,2,d,0
16,65,d,0
187,54,d,0
36,183,d,0
160,181,d,0
196,108,d,0
31,197,d,0
44,196,d,0
146,142,d,0
181,6,d,0
110,40,d,0
1,51,d,0
174,45,d,0
89,178,d,0
106,199,d,0
178,48,d,0
148,178,d,0
186,104,d,0
128,57,d,0
55,43,d,0
5,140,d,0
14,166,d,0
80,148,d,0
69,80,e,0
16,53,d,0
1,39,d,0
12,9,d,0
167,9,d,0
75,49,d,0
135,80,d,0
68,146,d,0
132,194,d,0
197,61,d,0
5,37,d,0
73,126,d,0
97,112,d,0
72,57,d,0
60,138,d,0
133,101,t,2
145,81,e,0
160,107,e,0
198,46,d,0
2,167,d,0
127,108,e,0
63,75,d,0
176,158,e,0
143,113,d,0
18,195,d,0
148,177,d,0
127,142,d,0
92,76,d,0
62,115,d,0
196,192,d,0
118,190,d,0
181,123,d,0
22,170,d,0
190,116,d,0
48,187,d,0
145,176,d,0
104,193,d,0
197,73,d,0
89,44,d,0
163,53,d,0
93,48,d,0
184,41,d,0
157,172,d,0
149,58,d,0
28,76,t,4
157,91,t,1
88,112,d,0
182,145,d,0
10,11,d,0
59,191,d,0
136,131,d,0
28,168,t,1
198,186,d,0
11,135,d,0
115,56,d,0
10,195,d,0
141,131,d,0
187,48,d,0
106,53,d,0
57,128,d,0
83,190,d,0
175,64,d,0
70,148,d,0
19,46,d,0
87,193,d,0
177,126,d,0
107,74,d,0
157,16,d,0
15,13,d,0
193,137,d,0
27,77,t,2
143,163,t,2
157,69,d,0
3,117,d,0
75,18,d,0
50,182,d,0
17,95,d,0
126,17,d,0
60,65,d,0
81,110,d,0
174,94,d,0
22,168,e,0
137,18,d,0
128,126,d,0
184,97,d,0
8,43,d,0
102,123,d,0
102,141,d,0
88,42,d,0
79,113,d,0
45,192,d,0
43,176,d,0
70,71,d,0
86,55,d,0
197,54,d,0
72,46,d,0
65,116,d,0
127,5,d,0
166,40,d,3
99,179,d,0
145,2,d,0
172,182,d,0
11,165,d,0
28,50,t,2
174,97,d,0
167,133,d,0
85,74,d,0
134,14,d,0
28,5,d,0
189,160,d,0
6,135,d,0
12,45,d,0
155,141,d,0
114,142,d,0
168,181,d,0
88,154,t,4
161,147,d,0
90,70,d,0
187,196,d,0
113,71,d,0
100,112,d,0
9,26,d,0
12,170,d,3
198,19,d,0
159,134,d,0
16,9,d,0
21,150,e,0
183,33,d,0
176,106,d,0
4,155,d,0
198,112,d,0
175,7,d,0
48,6,d,0
1,86,d,0
110,15,d,0
181,164,d,0
40,7,d,0
135,144,d,0
36,159,t,4
107,183,d,0
55,13,d,0
51,171,d,0
176,147,d,0
93,43,d,0
84,196,d,0
199,56,d,0
157,122,d,0
171,144,d,0
5,156,d,0
64,6,d,0
105,3,d,0
116,68,d,0
62,179,d,0
90,94,t,2
124,194,d,0
10,148,d,0
85,128,d,0
189,149,d,0
177,198,d,0
193,113,d,0
133,181,d,0
148,16,d,0
104,79,d,4
183,98,d,0
55,137,d,0
163,14,d,0
24,65,d,0
21,59,e,0
170,138,d,0
177,168,e,0
12,47,d,0
9,13,d,0
194,165,d,0
101,59,d,0
169,10,d,0
1,45,d,0
119,44,d,0
193,140,d,0
95,132,d,0
191,135,d,0
142,127,d,0
100,91,t,4
11,157,d,0
82,137,d,0
66,125,d,0
92,137,d,0
144,7,d,0
147,55,d,0
134,121,d,0
153,63,d,0
95,3,d,0
46,199,d,0
2,125,d,0
26,190,d,0
76,181,d,0
113,134,d,0
116,17,d,0
102,61,d,0
133,177,d,0
165,128,d,0
62,91,t,4
151,74,d,0
31,8,d,0
120,130,d,0
81,171,d,0
123,184,d,0
128,15,d,0
166,39,t,0
193,158,d,0
176,3,d,0
51,173,d,0
181,88,d,0
76,192,d,0
64,193,d,0
129,113,d,0
161,2,d,0
5,155,d,0
61,4,d,0
135,17,d,0
57,56,d,0
63,188,d,0
122,52,d,0
14,171,d,0
148,131,d,0
56,116,d,0
5,24,d,0
32,191,d,0
191,93,d,0
22,45,d,0
124,15,d,0
194,166,d,0
106,111,d,0
164,0,d,0
58,146,d,0
196,122,d,0
74,172,d,0
19,146,d,0
105,137,d,0
185,92,d,0
167,41,d,0
108,182,d,0
14,143,d,0
139,181,d,0
38,191,d,0
164,78,d,4
173,72,d,0
2,123,d,0
197,145,d,0
133,48,d,0
6,157,d,0
172,79,d,0
109,78,d,0
126,55,d,0
99,131,d,0
107,117,d,0
121,56,d,0
75,15,d,0
52,51,d,0
140,19,d,0
189,101,d,0
122,129,d,0
178,74,d,0
181,125,d,0
178,194,d,0
176,173,d,3
6,182,d,0
75,48,d,0
1,164,d,0
47,197,d,0
143,68,d,0
130,14,d,0
173,185,d,0
161,76,d,0
72,178,d,0
1,5,d,0
139,12,d,0
129,64,d,0
166,179,d,0
198,196,d,0
133,193,d,0
173,18,d,0
110,58,d,0
144,121,d,0
184,25,d,0
81,170,d,0
153,71,d,0
18,153,d,0
154,80,e,0
184,14,d,0
136,196,d,0
39,185,d,0
193,156,d,0
191,164,d,0
185,17,d,0
190,79,d,0
197,147,d,0
172,181,d,0
62,190,d,0
17,145,d,0
66,126,d,0
173,155,t,1
109,14,d,0
194,104,d,0
63,127,d,0
184,43,d,0
126,172,d,0
112,184,d,0
172,162,t,1
53,136,d,0
54,138,d,0
134,50,d,0
169,73,d,0
132,141,d,0
94,103,t,3
71,58,d,0
198,185,d,0
74,41,d,0
82,113,d,0
122,124,d,0
87,18,d,0
33,192,d,0
91,4,d,0
0,44,d,0
170,135,d,0
169,82,e,0
131,76,d,0
80,69,d,0
80,70,d,0
187,102,d,0
149,199,d,0
91,128,d,0
132,195,d,0
176,65,d,0
165,112,d,0
57,191,d,0
120,191,d,0
176,134,d,0
5,133,d,0
98,117,d,0
12,122,d,0
16,175,d,0
19,148,d,0
88,41,d,0
95,8,d,0
146,147,d,0
145,5,d,0
6,94,d,0
179,125,d,0
122,53,d,0
158,100,t,4
197,195,d,0
69,58,d,0
154,12,d,0
43,4,d,0
185,133,d,0
66,46,d,0
182,6,d,0
115,1,d,0
83,182,d,0
127,12,d,4
172,177,d,0
92,143,d,0
55,191,d,0
136,191,d,0
188,94,d,0
9,93,d,0
68,19,d,0
104,44,d,0
75,7,d,0
175,189,d,0
10,27,d,0
123,69,d,0
173,121,d,0
178,98,d,0
135,136,d,0
16,30,d,0
147,146,d,0
21,170,d,4
198,87,d,0
120,147,d,0
149,124,d,0
185,87,d,0
173,84,d,0
10,99,d,0
28,179,d,0
70,135,d,0
158,9,d,0
177,76,d,0
96,130,d,0
163,194,d,0
176,142,d,0
176,114,d,0
180,170,d,0
68,196,d,0
14,115,d,0
57,49,d,0
77,8,d,0
6,19,d,0
16,63,d,0
74,50,d,0
134,98,t,1
31,63,t,2
88,39,t,2
51,9,d,0
58,54,d,0
113,172,d,0
106,151,t,2
168,96,e,0
168,11,d,0
58,177,d,0
13,105,d,0
158,17,d,0
174,73,d,0
187,34,d,0
113,127,d,0
118,11,d,0
56,12,d,0
193,114,d,0
186,25,d,0
70,147,d,0
112,3,d,0
161,179,d,0
122,107,e,0
117,5,d,0
197,22,d,0
73,123,d,0
2,73,d,3
73,183,d,0
100,174,d,0
126,19,d,0
61,54,d,0
5,85,d,0
116,131,d,0
130,114,d,0
155,191,d,3
85,140,d,0
15,128,d,0
98,58,d,0
27,73,t,1
99,9,d,0
37,195,d,0
75,41,d,0
98,13,d,0
125,43,d,0
45,48,t,3
117,197,d,0
39,18,d,0
140,76,d,0
88,193,d,0
28,189,d,0
32,4,d,0
192,0,d,0
167,73,d,0
99,144,d,0
109,189,d,0
199,23,d,0
123,45,d,0
10,65,d,0
196,71,d,0
61,16,d,0
172,68,d,0
19,169,d,0
20,142,e,3
142,198,d,0
172,89,d,0
4,78,d,0
198,101,d,0
132,42,d,0
131,48,d,0
20,178,d,0
14,121,d,0
80,58,d,0
70,56,d,0
189,47,d,0
176,54,d,0
182,86,d,0
179,55,d,0
53,14,d,0
152,133,d,0
71,5,d,0
30,179,d,0
85,189,d,0
75,138,d,0
67,122,d,0
73,59,d,0
17,135,d,0
108,15,d,0
171,67,d,0
169,193,d,0
14,117,d,0
199,148,d,0
78,64,d,0
199,24,d,0
106,142,d,0
174,55,d,0
158,72,d,0
70,15,d,0
136,126,d,0
30,196,d,0
129,75,d,0
79,185,d,0
34,186,d,0
20,31,e,0
101,177,d,0
127,135,d,0
51,53,d,0
178,114,d,0
83,14,d,0
131,52,d,0
189,74,d,0
18,98,d,0
64,122,d,0
60,180,d,0
76,153,t,3
8,124,d,0
110,117,d,0
189,13,d,0
115,177,d,0
166,117,d,0
7,2,d,0
125,68,d,0
163,83,e,0
192,21,d,0
56,52,d,0
150,189,d,0
186,196,d,0
56,70,d,0
113,70,d,0
110,42,d,0
175,46,d,0
183,168,d,0
84,11,d,0
173,111,d,0
61,56,d,0
12,76,d,0
5,171,d,0
52,138,d,0
93,79,d,0
146,173,d,0
196,101,d,0
84,129,d,0
26,111,t,2
68,18,d,0
199,94,d,0
102,72,d,0
4,36,d,0
27,47,t,2
159,190,d,0
141,105,d,0
183,162,d,0
182,189,d,0
9,107,d,0
124,18,d,0
134,176,d,0
167,147,d,0
176,85,d,0
64,44,d,0
36,189,d,0
14,151,d,0
6,179,d,0
73,7,d,0
89,190,d,0
80,15,d,0
126,146,d,0
80,196,d,0
194,145,d,0
171,53,d,0
182,164,d,0
196,19,d,0
60,179,d,0
3,45,d,0
192,179,d,0
196,60,d,0
5,49,d,0
88,148,d,0
199,86,d,0
137,14,d,0
67,183,d,0
12,168,d,0
166,44,d,0
190,17,d,0
147,123,d,0
68,10,d,0
48,185,d,0
71,79,d,0
170,104,d,0
26,173,d,0
8,24,d,0
149,98,t,1
92,177,d,0
180,79,d,0
118,13,d,0
165,151,t,1
2,135,d,0
119,79,d,0
60,193,d,0
165,8,d,0
125,139,d,0
174,10,d,0
186,139,d,0
60,144,d,0
71,131,d,0
111,189,d,0
64,62,d,0
21,138,e,0
18,75,d,0
29,5,d,0
150,6,d,0
1,19,d,0
3,21,d,0
135,126,d,0
62,38,t,3
12,180,d,0
56,187,d,0
156,6,d,0
166,8,d,0
73,1,d,0
189,195,d,0
134,132,d,0
108,143,d,0
109,181,d,0
117,1,d,0
94,129,d,0
4,158,d,0
147,124,d,0
16,38,d,0
143,122,d,0
39,11,d,0
92,153,t,2
83,120,d,0
6,41,d,0
90,191,d,0
72,71,d,0
71,24,t,4
172,195,d,0
104,122,d,0
174,113,d,0
127,75,d,0
95,58,d,0
181,118,d,0
77,43,d,0
92,191,d,0
191,90,d,0
51,176,d,0
178,76,d,0
159,94,t,4
58,126,d,0
54,185,d,0
108,69,d,0
32,189,d,0
160,10,d,0
184,142,d,0
166,7,d,0
96,0,d,0
54,189,d,0
101,61,d,0
20,0,d,0
172,1,d,0
134,182,d,0
122,72,d,0
168,81,e,0
84,82,e,0
49,186,d,0
151,16,d,0
93,78,d,0
111,193,d,0
78,45,d,0
154,176,d,0
78,58,d,0
191,179,d,0
140,102,t,4
168,85,e,1
65,115,d,0
194,4,d,0
49,196,d,0
8,7,d,0
153,147,d,0
170,49,d,0
114,191,d,0
120,132,d,0
169,19,d,0
106,62,d,0
139,78,d,0
183,136,d,0
126,148,d,0
39,196,d,0
53,13,d,0
179,199,d,0
130,104,t,4
52,180,d,0
194,164,d,0
134,81,e,0
41,16,d,0
113,143,d,0
2,188,d,0
180,93,d,0
79,158,t,4
97,197,d,0
66,67,d,0
192,167,d,0
57,145,d,0
112,116,d,0
149,3,d,0
191,138,d,0
146,14,d,0
186,107,d,0
130,196,d,0
183,10,d,0
175,29,e,0
129,142,d,0
191,85,d,0
66,148,d,0
185,192,d,0
69,101,t,2
58,192,d,0
199,199,d,0
162,59,d,0
118,41,d,0
14,102,d,0
187,175,d,0
183,35,d,0
63,87,t,3
109,179,d,0
97,131,d,0
102,137,d,0
165,70,d,0
196,48,d,0
118,45,d,0
147,8,d,0
20,11,d,0
39,6,d,0
98,122,d,0
97,138,d,0
105,64,d,0
70,92,t,4
75,50,d,0
63,73,d,0
17,184,d,0
116,139,d,0
75,139,d,0
19,125,d,0
85,87,t,4
55,36,t,4
198,23,d,0
122,85,t,1
180,87,d,0
18,155,d,0
199,177,d,0
25,193,d,0
74,95,t,1
3,114,d,0
161,78,d,0
158,134,d,0
13,121,d,0
134,97,t,4
14,73,d,0
73,186,d,0
13,199,d,0
185,101,d,0
142,76,d,0
80,130,d,0
86,119,d,0
3,1,d,0
190,192,d,0
163,118,d,0
175,90,d,0
95,72,d,0
86,129,d,0
132,10,d,0
186,195,d,0
109,142,d,0
27,177,d,0
86,48,d,0
14,116,d,0
154,117,d,0
16,140,d,0
196,65,d,0
117,16,d,0
133,120,d,0
80,5,d,0
54,75,d,0
7,45,d,0
89,10,d,0
128,51,d,0
142,69,d,0
122,96,t,3
145,137,d,0
171,66,d,0
15,56,d,0
7,105,d,0
21,131,e,0
181,36,d,0
98,91,t,3
194,30,d,0
89,118,d,0
8,93,d,0
148,175,d,0
79,198,d,0
70,140,d,0
83,52,d,0
129,7,d,0
40,17,d,0
6,117,d,0
54,172,d,0
183,161,d,4
126,36,t,2
63,12,d,0
22,29,e,0
191,162,d,0
55,41,d,0
106,91,t,4
164,49,d,0
19,102,d,0
123,35,t,1
187,136,d,0
72,172,d,0
160,18,d,0
188,9,d,0
181,155,d,0
3,34,d,0
12,77,d,0
157,185,d,0
10,133,d,0
114,61,d,0
169,89,e,4
124,121,d,0
80,67,d,0
88,146,d,0
145,114,d,0
169,111,d,0
192,66,d,0
87,61,d,0
182,12,d,0
21,140,e,3
121,13,d,0
30,58,t,3
126,46,d,0
70,112,d,0
122,113,d,0
150,42,d,0
166,127,d,0
132,172,d,0
81,137,d,0
0,185,d,0
135,168,t,1
7,173,d,0
161,94,t,1
21,92,e,0
16,134,d,0
143,108,d,0
139,6,d,0
84,49,d,0
14,137,d,0
171,95,d,0
89,45,d,0
77,44,d,0
8,169,d,0
55,90,t,1
39,16,d,0
199,127,d,0
72,173,d,0
125,116,d,0
169,184,d,0
91,160,t,1
18,115,d,0
185,158,d,0
199,100,d,0
111,137,d,0
77,73,d,0
142,178,d,0
120,123,d,0
60,125,d,0
10,24,d,0
10,134,d,0
72,128,d,0
138,3,d,0
18,73,d,0
182,88,d,0
9,8,d,0
20,181,d,0
188,173,d,0
52,78,d,0
189,126,d,0
40,23,t,1
183,55,d,0
136,0,d,0
147,119,d,0
76,182,d,0
123,187,d,0
4,17,d,0
138,179,d,0
58,61,d,0
162,47,d,0
122,23,t,4
195,95,d,0
15,147,d,0
91,196,d,0
163,113,d,0
14,178,d,0
189,186,d,0
107,19,d,0
96,2,d,0
155,69,d,0
9,140,d,4
129,44,d,0
164,88,t,3
170,144,d,0
158,138,d,0
168,9,d,0
175,167,e,0
198,53,d,0
116,21,t,2
161,5,d,0
104,88,t,1
144,36,t,3
148,135,d,0
56,25,t,1
114,71,d,0
130,82,e,0
179,87,d,0
109,69,d,0
79,111,d,0
42,190,d,0
184,159,d,0
174,112,d,0
94,18,d,0
83,12,d,0
139,68,d,0
182,60,d,0
103,70,d,0
172,109,d,0
176,92,d,4
53,189,d,0
25,0,d,0
78,102,t,3
112,62,d,0
113,137,d,0
21,193,d,0
6,85,d,0
144,15,d,0
63,94,t,4
97,191,d,0
13,180,d,0
88,199,d,0
62,1,d,0
183,126,d,0
165,7,d,0
112,52,d,0
51,126,d,0
71,9,d,0
115,148,d,0
57,74,d,0
157,139,d,0
112,142,d,0
87,170,d,3
22,167,e,0
77,18,d,0
100,109,e,0
186,198,d,0
97,130,d,0
18,145,d,0
102,63,d,0
187,89,d,0
123,14,d,0
128,145,d,0
92,48,d,0
79,80,d,0
97,199,d,0
137,72,d,0
94,76,d,0
180,95,d,0
167,61,d,0
199,51,d,0
199,152,d,0
97,141,d,0
171,90,d,0
17,97,d,0
95,91,t,3
116,108,d,0
10,75,d,0
137,56,d,0
191,79,d,0
58,128,d,0
105,76,d,0
198,100,d,0
139,110,d,0
196,129,d,0
47,175,d,0
170,84,d,0
29,8,d,0
19,4,d,0
197,16,d,0
128,177,d,0
93,57,d,0
92,66,d,0
154,41,d,0
18,154,d,0
113,149,d,0
17,159,d,0
190,75,d,0
90,137,d,0
20,89,e,4
102,43,d,0
86,130,d,0
101,97,t,1
143,56,d,0
9,95,d,0
123,79,d,0
63,70,d,0
186,145,d,0
147,61,d,0
190,178,d,0
84,50,d,0
81,115,d,0
132,182,d,0
198,62,d,0
148,61,d,0
147,51,d,0
28,78,t,2
84,118,d,0
117,199,d,0
124,54,d,0
183,119,d,0
105,96,t,1
128,92,t,1
66,178,d,0
130,92,t,3
123,147,d,0
8,152,d,0
78,69,d,0
64,69,d,0
105,123,d,0
26,188,d,0
2,145,d,0
26,10,d,0
6,95,d,0
29,59,t,3
169,39,t,1
68,55,d,0
43,177,d,0
12,46,d,0
38,7,d,0
22,126,e,0
97,190,d,0
198,28,d,0
32,7,d,0
189,109,d,0
11,154,d,0
64,173,d,0
198,129,d,0
171,190,d,0
68,185,d,0
164,182,d,0
170,0,d,0
7,95,d,0
36,156,t,2
39,10,d,0
155,67,d,0
1,122,d,0
179,68,d,0
11,104,d,0
19,152,d,0
195,41,d,0
192,149,d,0
92,102,t,2
117,10,d,0
103,42,d,0
142,92,t,3
73,176,d,0
198,109,d,0
5,132,d,0
137,189,d,0
169,69,d,0
19,31,d,0
139,113,d,0
152,109,e,0
194,127,d,0
3,23,d,0
104,13,d,0
108,127,d,0
111,45,d,0
187,179,d,0
156,14,d,0
98,16,d,0
176,42,d,0
191,161,d,0
164,109,e,0
138,136,d,0
3,106,d,0
74,183,d,0
178,158,e,0
50,171,d,0
107,75,d,0
123,1,d,0
147,138,d,0
181,149,d,0
158,129,d,0
193,117,d,0
158,190,d,0
19,180,d,0
182,48,d,0
4,51,d,0
126,128,d,0
104,178,d,0
3,13,d,0
186,161,d,0
179,134,d,0
191,193,d,0
47,174,d,0
113,193,d,0
186,181,d,0
176,128,d,0
189,88,d,0
112,110,d,0
4,49,d,0
74,197,d,0
3,171,d,0
182,23,d,0
82,135,d,0
153,190,d,0
103,14,d,0
15,198,d,0
71,148,d,0
77,9,d,0
175,50,d,0
65,10,d,0
182,139,d,0
21,141,e,3
13,76,d,0
135,121,d,0
167,94,e,0
108,176,d,0
99,180,d,0
57,180,d,0
169,15,d,0
10,62,d,0
14,63,d,0
143,65,d,0
94,12,d,0
126,73,d,0
86,36,t,2
100,70,d,0
127,4,d,0
109,76,d,0
122,195,d,0
121,69,d,0
168,191,d,0
86,173,d,0
189,110,d,0
64,74,d,0
169,55,d,0
122,142,d,0
171,93,d,0
140,73,d,0
138,164,t,3
152,71,d,0
109,74,d,0
149,49,d,0
156,111,d,0
150,136,d,0
52,4,d,0
8,192,d,0
3,84,d,0
23,9,d,0
23,109,e,4
178,133,d,0
67,139,d,0
101,66,d,0
88,187,d,0
6,177,d,0
82,71,d,0
26,142,t,1
156,149,d,0
91,192,d,0
31,22,t,2
176,176,d,0
50,102,t,1
85,142,d,0
69,142,d,0
89,4,d,0
3,165,d,0
88,77,d,0
45,198,d,0
31,16,d,0
188,97,d,0
177,75,d,0
58,145,d,0
94,40,d,0
136,48,d,0
192,119,d,0
190,98,d,0
178,198,d,0
178,103,d,0
64,180,d,0
199,49,d,0
171,55,d,0
176,11,d,0
150,21,t,4
123,171,d,0
91,79,d,0
98,143,d,0
120,71,d,0
22,103,e,2
195,96,d,0
16,64,d,0
145,171,d,0
176,79,d,0
123,78,d,0
63,74,d,0
189,115,d,0
57,17,d,0
173,123,d,0
195,112,d,0
180,23,d,0
181,66,d,0
114,77,d,0
101,48,d,0
133,4,d,0
79,172,d,0
78,16,d,3
11,75,d,0
160,129,d,0
85,193,d,0
123,124,d,0
8,94,d,0
152,42,d,0
156,15,d,0
14,188,d,0
50,179,d,0
35,8,d,0
75,75,d,0
198,97,d,0
180,41,d,0
100,44,d,0
13,136,d,0
130,178,d,0
11,92,d,0
52,182,d,0
143,180,d,0
172,197,d,0
95,188,d,0
134,51,d,0
185,18,d,0
4,6,d,0
90,120,d,0
161,114,d,0
103,191,d,0
96,133,d,4
101,186,d,0
65,183,d,0
189,113,d,0
89,131,d,0
176,16,d,0
190,4,d,0
1,2,d,0
163,119,d,0
85,108,e,0
189,46,d,0
169,116,d,0
13,166,d,0
57,33,t,2
52,143,d,0
177,124,d,0
162,52,d,0
196,22,d,0
148,172,d,0
187,113,d,0
36,197,d,0
197,91,d,0
3,113,d,0
174,78,d,0
56,16,d,0
22,64,e,0
195,42,d,0
108,175,d,0
128,195,d,0
34,192,d,0
49,192,d,0
138,60,d,0
14,118,d,0
1,93,d,0
116,127,d,0
179,31,e,0
31,174,d,0
195,35,d,0
150,2,d,0
9,7,d,0
198,128,d,0
74,143,d,0
107,186,d,0
185,26,d,0
161,136,d,0
70,113,d,0
120,16,d,0
95,42,d,0
70,87,t,2
22,127,e,0
185,19,d,0
13,9,d,0
87,125,d,0
1,95,d,0
61,195,d,0
96,190,d,0
106,198,d,0
168,82,e,0
158,54,d,0
96,119,d,0
54,66,d,0
106,114,d,0
104,131,d,0
99,66,d,0
139,100,t,1
9,145,d,0
67,6,d,0
140,166,t,1
116,189,d,0
19,60,d,0
166,175,d,0
66,48,d,0
87,62,d,0
51,13,d,0
99,102,t,2
164,7,d,0
96,134,d,0
134,16,d,0
56,59,d,0
17,155,d,0
49,151,t,3
8,52,d,0
160,55,d,0
71,78,d,0
194,2,d,0
133,119,d,0
22,3,d,0
172,164,t,3
82,50,d,0
114,136,d,0
130,67,d,0
20,109,e,0
176,149,d,0
131,49,d,0
4,77,d,0
23,26,e,0
55,33,t,3
44,15,d,0
185,80,d,0
14,141,d,0
1,61,d,0
185,156,d,0
146,58,d,0
189,93,d,0
149,80,e,0
2,94,d,0
93,181,d,0
191,94,d,0
80,82,e,0
185,100,d,0
113,186,d,0
126,126,d,0
9,180,d,0
16,187,d,0
47,149,t,1
79,196,d,0
42,177,d,0
112,128,d,0
136,132,d,0
92,0,d,0
132,12,d,0
197,75,d,0
41,182,d,0
191,53,d,0
106,120,d,0
52,19,d,0
1,54,d,0
54,54,d,0
160,185,d,0
28,141,t,3
88,116,d,0
134,69,d,0
45,184,d,0
20,32,e,0
104,15,d,0
157,82,e,0
2,10,d,0
6,138,d,0
69,123,d,0
159,57,d,0
149,17,d,0
172,171,d,0
29,194,d,0
136,185,d,0
57,188,d,0
69,198,d,0
4,18,d,0
52,186,d,0
195,79,d,0
120,138,d,0
24,172,d,0
105,77,d,0
7,61,d,0
149,136,d,0
187,66,d,0
185,195,d,0
112,126,d,0
165,113,d,0
196,151,d,0
151,136,d,0
154,196,d,0
1,136,d,0
137,190,d,0
30,163,t,3
42,183,d,0
31,173,d,0
13,165,d,0
54,95,t,3
16,62,d,0
185,66,d,0
32,190,d,0
191,102,d,0
126,44,d,0
150,69,d,0
87,189,d,0
188,157,d,0
108,156,t,4
61,64,d,0
172,105,d,0
18,92,d,0
166,46,d,0
58,45,d,0
166,57,d,0
34,1,d,0
179,101,d,0
79,62,d,0
90,55,d,0
27,131,t,4
161,135,d,0
127,54,d,0
33,44,t,4
96,74,d,0
185,109,d,0
62,146,d,0
104,46,d,0
118,43,d,0
54,76,d,0
59,41,d,0
54,133,d,0
4,154,d,0
77,148,d,0
101,198,d,0
125,183,d,0
171,188,d,0
133,7,d,0
50,172,d,0
101,126,d,0
179,52,d,0
182,133,d,0
104,54,d,0
105,181,d,0
138,67,d,0
101,64,d,0
124,134,d,0
68,14,d,0
7,196,d,0
48,8,d,0
121,172,d,0
34,191,d,0
51,49,d,0
172,12,d,0
167,3,d,0
91,141,d,0
193,177,d,0
194,27,d,4
3,133,d,0
51,56,d,0
168,45,d,0
193,197,d,0
168,23,t,3
22,9,d,0
88,138,d,0
43,171,d,0
98,145,d,0
62,198,d,0
91,195,d,0
58,52,d,0
1,133,d,0
4,64,d,0
166,18,d,0
173,4,d,0
16,186,d,0
87,48,d,0
103,47,d,0
28,185,d,0
6,174,d,0
8,31,d,0
179,167,e,0
129,175,d,0
137,130,d,0
132,130,d,0
63,146,d,0
171,189,d,0
86,38,t,4
19,147,d,0
172,180,d,0
136,138,d,0
137,179,d,0
195,115,d,0
95,127,d,0
5,16,d,0
91,184,d,0
163,128,d,0
161,69,d,0
153,184,d,0
85,14,d,0
66,65,d,0
166,159,t,1
87,60,d,0
22,191,d,0
190,60,d,0
177,60,d,0
136,120,d,0
123,72,d,0
0,66,d,0
23,41,e,0
130,98,t,2
42,9,d,0
195,181,d,0
0,175,d,0
66,77,d,0
132,99,t,3
173,182,d,0
117,48,d,0
151,17,d,0
175,157,d,4
192,53,d,0
137,175,d,0
85,13,d,0
193,185,d,0
138,134,d,0
66,147,d,0
184,129,d,0
147,168,t,3
173,144,d,0
8,147,d,3
63,186,d,0
113,50,d,0
43,161,t,2
193,183,d,0
19,73,d,0
171,110,d,0
179,118,d,0
171,13,d,0
13,75,d,0
91,191,d,0
23,193,d,0
62,173,d,0
167,190,d,0
194,80,d,0
191,183,d,0
51,198,d,0
135,92,t,2
72,193,d,0
196,171,d,0
8,170,d,0
109,121,d,0
190,42,d,0
173,33,t,3
39,17,d,0
79,182,d,0
193,101,d,0
108,77,d,0
66,185,d,0
143,194,d,0
50,198,d,0
105,80,e,0
137,195,d,0
13,88,d,0
145,12,d,0
59,80,e,0
171,194,d,0
157,113,d,0
139,183,d,0
22,182,d,0
59,11,d,0
58,186,d,0
114,73,d,0
110,9,d,0
103,90,t,1
8,172,d,0
94,75,d,0
109,111,d,0
113,74,d,0
169,180,d,0
5,5,d,0
194,67,d,0
105,5,d,0
66,57,d,0
170,127,d,0
195,98,d,0
109,66,d,0
55,134,d,0
118,192,d,0
76,194,d,0
21,93,e,0
167,193,d,0
161,192,d,0
135,54,d,0
1,56,d,0
111,116,d,0
21,20,e,0
120,17,d,0
8,39,d,4
35,177,d,0
94,7,d,0
170,57,d,0
91,5,d,0
196,150,d,0
52,133,d,0
30,3,d,0
24,22,e,0
93,124,d,0
105,40,d,0
198,165,d,0
9,80,d,0
27,16,d,0
27,3,d,0
34,8,d,0
174,82,d,0
198,144,d,0
192,178,d,0
115,124,d,0
0,83,d,0
150,53,d,0
149,190,d,0
186,128,d,0
114,192,d,0
187,90,d,0
131,157,t,4
25,187,d,0
44,166,t,4
106,145,d,0
78,109,e,0
77,3,d,0
109,126,d,0
94,73,d,0
84,133,d,0
163,138,d,0
186,78,d,0
18,128,d,0
73,188,d,0
147,194,d,0
146,175,d,0
89,173,d,0
190,0,d,0
137,69,d,0
132,2,d,0
174,4,d,0
167,137,d,0
141,124,d,0
27,186,d,0
12,19,d,0
110,41,d,0
84,138,d,0
129,170,d,0
110,1,d,0
168,180,d,0
90,56,d,0
192,103,d,0
50,58,d,0
71,186,d,0
198,94,d,0
141,81,e,0
179,137,d,0
156,172,d,0
60,171,d,0
121,139,d,0
178,123,d,0
15,195,d,0
7,25,d,0
179,164,e,0
160,41,d,0
122,186,d,0
127,127,d,0
156,120,d,0
95,41,d,0
115,111,d,0
108,10,d,0
180,152,d,0
167,93,e,0
126,134,d,0
172,134,d,0
87,132,d,0
59,116,d,0
132,90,t,4
139,43,d,0
92,40,d,0
199,68,d,0
62,64,d,0
131,50,d,0
193,45,d,0
118,194,d,0
61,112,d,0
6,155,d,0
65,182,d,0
30,118,t,2
17,175,d,0
196,173,d,0
64,4,d,0
188,80,d,0
12,18,d,0
143,61,d,0
52,55,d,0
148,89,t,4
141,18,d,0
188,7,d,0
0,114,d,0
156,107,e,0
101,75,d,0
103,193,d,0
104,139,d,0
81,42,d,0
92,145,d,0
57,29,t,4
24,2,d,0
170,119,d,0
42,187,d,0
89,72,d,0
31,185,d,0
146,55,d,0
174,104,d,0
59,197,d,0
16,125,d,0
178,116,d,0
169,142,d,0
47,24,t,1
39,9,d,0
183,8,d,0
166,126,d,0
179,198,d,0
198,65,d,0
151,109,e,0
98,59,d,0
155,133,d,0
23,197,d,0
65,110,d,0
74,122,d,0
2,136,d,0
123,63,d,0
3,136,d,0
85,190,d,0
104,80,e,0
126,143,d,0
43,180,d,0
59,115,d,0
33,4,d,0
157,62,d,0
74,90,t,1
15,196,d,0
150,43,d,0
12,119,d,0
88,128,d,0
173,17,d,0
150,139,d,0
137,100,t,2
0,69,d,0
155,98,t,2
7,184,d,0
95,130,d,0
26,88,t,2
168,43,d,0
178,182,d,0
182,143,d,0
72,33,t,2
168,109,d,0
148,10,d,0
6,115,d,0
70,88,t,1
93,94,t,3
50,74,d,0
53,124,d,0
143,49,d,0
96,98,t,3
189,10,d,0
68,75,d,0
101,51,d,0
57,117,d,0
56,72,d,0
15,145,d,0
138,47,d,0
99,76,d,0
160,60,d,0
78,116,d,0
175,96,d,0
91,121,d,0
91,13,d,0
4,117,d,0
42,180,d,0
93,183,d,0
152,193,d,0
160,132,d,0
170,107,d,0
127,13,d,0
77,193,d,0
138,72,d,0
58,74,d,0
151,12,d,0
17,19,d,0
59,147,d,0
176,51,d,0
136,8,d,0
147,46,d,0
167,83,e,0
164,176,d,0
102,104,t,4
181,158,d,0
59,113,d,0
51,109,d,0
185,88,d,0
189,134,d,0
97,142,d,0
119,76,d,0
117,70,d,0
123,152,t,1
175,108,d,0
120,3,d,0
72,15,d,0
185,53,d,0
199,153,d,3
145,67,d,0
169,61,d,0
30,134,t,2
70,198,d,0
25,197,d,0
189,0,d,0
47,13,d,0
31,190,d,0
73,77,d,0
118,48,d,0
25,8,d,0
24,175,d,0
3,55,d,0
139,123,d,0
57,184,d,0
11,93,d,0
179,20,e,0
135,122,d,0
90,146,d,0
156,178,d,0
125,189,d,0
176,12,d,0
50,177,d,0
5,173,d,0
20,192,d,0
136,2,d,0
60,123,d,0
15,156,d,0
162,78,d,0
118,2,d,0
59,44,d,0
186,41,d,0
172,172,d,0
0,123,d,0
199,149,d,0
176,144,d,0
146,131,d,0
74,185,d,0
132,110,d,0
29,103,t,2
85,67,d,0
180,126,d,0
197,125,d,0
126,141,d,0
26,55,t,4
151,78,d,0
162,103,t,1
136,187,d,0
71,176,d,0
124,197,d,0
103,66,d,0
67,42,d,0
100,67,d,0
86,172,d,0
3,36,d,0
144,12,d,0
74,144,d,0
169,145,d,0
141,72,d,0
32,148,t,4
183,53,d,0
72,121,d,0
76,110,d,0
96,112,d,0
104,11,d,0
156,92,t,1
17,131,d,0
101,15,d,0
10,135,d,0
158,174,d,0
33,124,t,4
181,62,d,0
116,144,d,0
189,94,d,0
88,194,d,0
23,7,d,0
107,192,d,0
149,143,d,0
1,155,d,0
53,128,d,0
2,25,d,0
156,10,d,0
2,168,d,0
11,65,d,0
188,95,d,0
69,191,d,0
196,155,d,0
54,2,d,0
18,26,d,0
16,24,d,0
155,184,d,0
144,177,d,0
139,66,d,0
195,22,d,3
170,56,d,0
71,54,d,0
81,195,d,0
39,177,d,0
169,176,d,0
197,96,d,0
170,111,d,0
55,175,d,0
159,141,d,0
20,18,d,0
20,97,e,0
68,168,t,2
18,190,d,0
162,177,d,0
110,50,d,0
187,27,d,0
15,47,d,0
194,12,d,0
7,154,d,0
1,124,d,0
141,148,d,0
1,190,d,0
128,164,t,3
84,184,d,0
8,53,d,0
3,129,d,0
166,35,t,2
197,78,d,0
6,76,d,0
19,83,d,3
84,170,d,0
110,120,d,0
179,182,d,0
189,95,d,0
190,179,d,0
61,74,d,0
112,107,e,0
166,3,d,0
15,27,d,0
186,27,d,0
68,136,d,0
56,186,d,0
34,185,d,0
64,144,d,0
21,194,d,0
71,91,t,3
89,97,t,3
141,59,d,0
130,15,d,0
18,18,d,0
129,12,d,0
190,198,d,0
8,14,d,0
101,11,d,0
117,41,d,0
114,199,d,0
77,132,d,0
1,152,d,0
40,15,d,0
68,148,d,0
3,82,d,0
132,111,d,0
52,184,d,0
199,126,d,0
149,173,d,0
9,170,d,0
98,178,d,0
87,68,d,0
116,140,d,0
131,78,d,0
21,148,e,0
7,107,d,0
120,148,d,0
142,176,d,0
82,1,d,0
123,182,d,0
65,81,e,0
112,51,d,0
14,138,d,0
155,179,d,0
101,171,d,0
102,13,d,0
180,92,d,0
28,3,d,0
157,18,d,0
48,195,d,0
124,120,d,0
81,75,d,0
58,33,t,3
122,51,d,0
184,40,d,0
62,10,d,0
193,73,d,0
168,129,d,0
137,13,d,0
96,110,d,0
65,94,t,4
95,143,d,0
98,129,d,0
195,116,d,0
42,5,d,0
110,80,e,0
129,164,t,1
70,191,d,0
17,71,d,0
104,68,d,0
194,68,d,0
22,53,e,0
135,111,d,0
77,74,d,0
17,183,d,0
75,42,d,0
144,185,d,0
178,89,d,0
53,178,d,0
14,9,d,0
80,149,d,0
137,133,d,0
147,63,d,0
164,193,d,0
84,60,d,0
34,2,d,0
171,171,d,0
40,199,d,0
119,50,d,0
107,122,d,0
10,19,d,0
57,5,d,0
40,8,d,0
147,128,d,0
143,1,d,0
185,132,d,0
174,167,t,4
178,107,d,0
19,197,d,0
69,138,d,0
121,183,d,0
19,26,d,0
175,160,e,0
58,0,d,0
99,113,d,0
28,54,t,4
180,164,d,0
195,134,d,0
123,121,d,0
88,136,d,0
180,141,d,0
192,111,d,0
141,48,d,0
74,72,d,0
166,177,d,0
62,63,d,0
137,46,d,0
99,128,d,0
22,119,e,0
52,179,d,0
153,110,d,0
19,145,d,0
0,116,d,0
113,13,d,0
181,99,d,0
91,47,d,0
21,107,e,0
35,64,t,2
82,18,d,0
8,126,d,0
172,94,d,0
169,103,e,0
105,138,d,0
138,80,e,0
189,7,d,0
184,111,d,0
140,57,d,0
197,10,d,0
61,75,d,0
120,92,t,4
73,71,d,0
183,31,d,0
111,113,d,0
195,47,d,0
4,174,d,0
199,96,d,0
147,11,d,0
8,57,d,0
194,79,d,0
104,143,d,0
131,103,t,4
152,191,d,0
67,65,d,0
17,96,d,0
5,134,d,0
122,43,d,0
171,94,d,0
97,51,d,0
151,54,d,0
164,117,d,0
196,102,d,0
63,109,e,0
155,177,d,0
173,193,d,0
175,198,d,0
189,135,d,0
127,65,d,0
164,8,d,0
132,7,d,0
153,52,d,0
162,42,d,0
2,78,d,0
68,3,d,0
194,134,d,0
10,149,d,0
21,174,d,0
127,112,d,0
192,61,d,0
188,109,d,0
146,59,d,0
172,50,d,0
111,24,t,4
8,183,d,0
66,114,d,0
168,56,d,0
15,155,d,0
166,122,d,0
193,93,d,0
151,175,d,0
156,46,d,0
176,18,d,0
79,55,d,0
193,178,d,0
69,19,d,0
120,102,t,2
28,198,d,0
188,172,d,0
165,139,d,0
159,47,d,0
70,183,d,0
168,199,d,0
149,66,d,0
168,95,d,0
182,59,d,0
12,99,d,0
68,71,d,0
46,142,t,1
119,147,d,0
179,152,e,0
173,88,d,0
162,48,d,0
120,136,d,0
96,87,t,4
145,9,d,0
57,194,d,0
12,141,d,0
186,165,d,0
174,1,d,0
139,174,d,0
145,71,d,0
172,147,d,0
74,171,d,0
27,174,d,0
187,35,d,0
23,176,d,0
97,30,t,2
192,3,d,0
10,96,d,0
64,183,d,0
33,5,d,0
121,53,d,0
61,136,d,0
114,7,d,0
127,64,d,0
178,62,d,0
82,51,d,0
178,0,d,0
164,184,d,0
12,3,d,0
177,172,d,0
155,42,d,0
115,72,d,0
78,15,d,0
107,4,d,0
46,175,d,0
194,61,d,0
191,97,d,0
182,43,d,0
190,76,d,0
119,32,t,3
61,188,d,0
158,64,d,0
125,51,d,0
119,61,d,0
13,85,d,0
75,125,d,0
170,116,d,0
139,199,d,0
104,100,t,3
68,132,d,0
196,185,d,0
131,144,d,0
137,117,d,0
119,46,d,0
180,25,d,0
51,81,e,0
20,125,e,0
131,132,d,0
146,133,d,0
92,147,d,0
82,180,d,0
76,87,t,2
0,25,d,0
172,121,d,0
33,153,t,3
84,52,d,0
130,68,d,0
143,187,d,0
177,73,d,0
137,55,d,0
108,90,t,4
88,111,d,0
13,144,d,0
184,168,d,0
119,49,d,0
72,122,d,0
196,25,d,0
84,57,d,0
36,184,d,0
64,104,t,2
18,156,d,0
47,138,t,1
162,41,d,0
196,98,d,0
136,188,d,0
175,51,d,0
163,112,d,0
189,176,d,0
7,137,d,0
150,5,d,0
11,41,d,0
1,181,d,0
187,141,d,0
169,112,d,0
3,164,d,0
5,11,d,0
194,39,d,0
28,100,t,4
16,40,d,0
102,56,d,0
192,93,d,0
148,68,d,0
188,138,d,0
174,18,d,0
65,48,d,0
5,105,d,0
70,9,d,0
82,119,d,0
181,35,d,0
21,41,e,3
126,49,d,0
83,193,d,0
106,41,d,0
168,107,e,0
53,23,t,1
86,10,d,0
98,171,d,0
115,82,e,0
2,171,d,0
184,128,d,0
85,115,d,0
23,163,e,0
102,174,d,0
181,187,d,0
1,58,d,0
0,111,d,0
189,2,d,0
95,48,d,0
179,130,d,0
9,161,d,0
6,170,d,0
172,156,t,1
7,144,d,0
127,199,d,0
167,64,d,0
64,73,d,0
32,192,d,0
160,118,d,0
71,192,d,0
19,199,d,0
92,128,d,0
8,58,d,0
41,11,d,0
170,137,d,0
116,103,t,4
114,48,d,0
178,96,d,0
148,170,d,0
86,145,d,0
152,15,d,0
13,35,d,0
20,119,e,4
12,26,d,0
92,82,e,0
9,42,d,0
114,9,d,0
67,15,d,0
124,34,t,1
102,114,d,0
198,54,d,0
8,179,d,0
20,188,d,0
11,25,d,0
184,131,d,0
91,146,d,0
117,49,d,0
3,57,d,0
144,59,d,0
11,107,d,0
3,105,d,0
108,177,d,0
20,50,e,0
199,53,d,0
2,124,d,0
111,71,d,0
158,4,d,0
3,187,d,0
73,189,d,0
117,179,d,0
194,177,d,0
19,93,d,0
122,151,t,2
174,6,d,0
81,7,d,0
123,192,d,0
168,157,t,1
175,187,d,0
127,61,d,0
61,49,d,0
14,139,d,0
104,129,d,0
91,6,d,0
177,146,d,0
29,58,t,2
33,12,d,0
199,14,d,0
122,144,d,0
196,50,d,0
3,17,d,0
85,48,d,0
156,145,d,0
56,192,d,0
74,130,d,0
194,42,d,0
136,137,d,0
169,101,e,0
98,79,d,0
157,59,d,0
22,10,d,0
53,65,d,0
161,197,d,0
104,4,d,0
56,114,d,0
164,99,t,3
93,61,d,0
144,56,d,0
11,105,d,0
26,57,t,2
105,132,d,0
157,17,d,0
9,94,d,0
112,6,d,0
64,139,d,0
72,144,d,0
31,191,d,0
68,88,t,2
12,120,d,0
174,13,d,0
47,194,d,0
129,144,d,0
82,2,d,0
60,107,e,0
108,63,d,0
83,67,d,0
27,109,t,4
1,16,d,0
54,123,d,0
105,51,d,0
145,47,d,0
49,88,t,3
189,73,d,0
157,75,d,0
49,8,d,0
136,107,e,0
91,111,d,0
6,192,d,0
17,199,d,0
61,9,d,0
191,69,d,0
82,198,d,0
55,15,d,0
187,82,d,0
116,173,d,0
0,36,d,0
0,184,d,0
145,1,d,0
73,115,d,0
125,127,d,0
139,2,d,0
111,76,d,0
20,169,d,0
114,78,d,0
145,101,t,2
30,124,t,2
0,64,d,0
22,90,e,3
86,131,d,0
155,58,d,0
188,82,d,0
30,56,t,1
16,124,d,0
104,5,d,0
90,101,t,3
138,5,d,0
51,110,d,0
195,62,d,0
105,44,d,0
0,180,d,0
164,30,t,3
100,68,d,0
62,66,d,0
52,135,d,0
190,13,d,0
122,60,d,0
65,180,d,0
21,3,d,0
98,141,d,0
169,134,d,0
194,156,d,0
170,118,d,0
192,130,d,0
74,11,d,0
185,86,d,0
91,54,d,0
161,68,d,0
162,115,d,0
100,180,d,0
110,116,d,0
157,63,d,0
22,48,e,0
181,169,d,0
1,0,d,0
180,89,d,0
166,51,d,0
185,155,d,0
84,110,d,0
110,51,d,0
77,49,d,0
88,54,d,3
152,173,d,0
150,184,d,0
189,168,d,0
164,174,d,0
197,122,d,0
187,187,d,0
157,56,d,0
9,191,d,0
72,80,e,0
58,178,d,0
93,39,t,1
16,115,d,0
55,12,d,0
196,138,d,0
41,15,d,0
73,184,d,0
93,119,d,0
68,178,d,0
1,189,d,0
190,41,d,0
8,20,d,0
130,186,d,0
169,102,e,0
174,93,d,0
145,8,d,0
19,115,d,0
94,16,d,0
93,58,d,0
171,130,d,0
17,76,d,0
194,86,d,0
37,1,d,0
122,132,d,0
70,51,d,0
54,157,t,1
143,42,d,0
5,79,d,0
4,176,d,0
175,75,d,0
21,129,e,0
13,117,d,0
62,184,d,0
187,83,d,0
69,13,d,0
150,81,d,0
115,44,d,0
188,83,d,0
98,80,e,0
55,135,d,0
4,133,d,0
129,71,d,0
113,142,d,0
115,144,d,0
10,17,d,0
94,180,d,0
76,147,d,0
89,3,d,0
3,103,d,0
12,123,d,0
22,52,e,0
188,103,d,0
65,177,d,0
100,145,d,0
16,137,d,0
188,102,d,0
11,136,d,0
79,191,d,0
175,56,d,0
176,66,d,0
90,36,t,3
192,4,d,0
15,85,d,0
15,142,d,0
126,81,e,0
162,168,t,2
173,158,t,4
24,192,d,0
26,175,d,0
0,190,d,0
144,188,d,0
116,47,d,0
92,136,d,0
165,155,t,1
109,54,d,0
174,54,d,0
66,79,d,0
56,48,d,0
7,18,d,0
92,57,d,0
182,36,d,0
187,181,d,0
162,11,d,0
139,185,d,0
31,148,t,4
74,119,d,0
96,111,d,0
87,12,d,0
99,196,d,0
127,114,d,0
191,41,d,0
125,199,d,0
4,103,d,0
75,4,d,0
159,75,d,0
168,117,d,0
6,34,d,4
90,76,d,0
98,199,d,0
190,110,d,0
143,184,d,0
181,185,d,0
181,156,d,0
54,74,d,0
29,192,d,0
11,3,d,0
15,157,d,0
111,115,d,0
18,95,d,0
151,125,d,0
92,123,d,0
9,35,d,0
9,64,d,0
92,4,d,0
72,137,d,0
164,41,d,0
6,46,d,0
193,179,d,0
60,146,d,0
20,135,e,0
15,74,d,0
186,61,d,0
118,173,d,0
82,178,d,0
65,192,d,0
52,56,d,0
7,85,d,0
148,69,d,0
46,190,d,0
23,130,e,0
81,144,d,0
29,177,d,0
50,0,d,0
194,3,d,0
35,185,d,0
164,65,d,0
98,198,d,0
111,171,d,0
197,3,d,0
59,46,d,0
2,56,d,0
56,45,d,0
125,80,e,0
63,175,d,0
6,114,d,0
78,142,d,0
173,40,d,0
80,43,d,0
20,49,e,0
123,54,d,0
175,109,d,0
39,183,d,0
179,177,d,0
137,16,d,0
154,100,t,2
47,12,d,0
69,61,d,0
186,114,d,0
160,5,d,0
188,22,d,0
80,182,d,0
68,135,d,0
81,13,d,0
22,40,e,0
189,8,d,0
16,61,d,0
106,70,d,0
105,17,d,0
132,1,d,0
166,142,d,0
53,125,d,0
179,165,e,0
194,102,d,0
182,0,d,0
73,150,t,2
166,172,d,0
188,34,d,0
115,132,d,0
120,128,d,0
166,74,d,0
105,61,d,0
196,10,d,0
187,128,d,4
188,36,d,0
124,62,d,0
126,42,d,0
175,175,d,0
98,4,d,0
123,138,d,0
74,104,t,1
102,76,d,0
90,127,d,0
53,179,d,0
81,76,d,0
108,12,d,0
148,113,d,0
106,170,d,0
20,193,d,0
101,192,d,0
189,112,d,0
172,138,d,0
157,132,d,0
179,19,d,0
177,51,d,0
186,89,d,0
64,140,d,0
160,54,d,0
99,146,d,0
182,99,d,0
19,173,d,0
157,174,d,0
141,175,d,0
177,23,e,0
128,186,d,0
91,144,d,0
42,16,d,0
71,124,d,0
100,83,e,0
148,74,d,0
100,69,d,0
19,70,d,4
167,60,d,0
157,142,d,0
17,29,d,0
162,180,d,0
1,25,d,0
124,11,d,0
160,56,d,0
171,57,d,3
172,108,d,0
144,108,e,0
193,162,d,0
59,187,d,0
20,91,e,3
197,52,d,0
184,15,d,0
158,75,d,0
193,134,d,0
139,196,d,0
67,187,d,0
184,45,d,0
1,154,d,0
10,104,d,0
106,96,t,2
11,137,d,0
112,131,d,0
168,131,d,0
99,172,d,0
33,18,d,0
133,187,d,0
111,146,d,0
60,4,d,0
177,24,e,0
16,8,d,0
95,18,d,0
100,128,d,0
32,129,t,2
130,7,d,0
158,126,d,0
88,120,d,0
141,16,d,0
68,44,d,0
131,111,d,0
83,192,d,0
2,27,d,0
95,122,d,0
46,195,d,0
173,127,d,0
128,2,d,0
142,56,d,0
10,8,d,0
17,136,d,0
165,179,d,0
85,12,d,0
75,11,d,0
147,99,t,4
105,196,d,0
142,187,d,0
71,65,d,0
21,79,e,0
103,57,d,0
169,4,d,0
185,138,d,0
194,26,d,4
77,58,d,0
193,90,d,0
119,130,d,0
8,145,d,0
179,151,e,0
182,106,d,0
173,177,d,0
64,185,d,0
12,50,d,0
10,37,d,0
196,186,d,0
56,135,d,0
11,97,d,0
153,79,d,0
186,66,d,0
170,2,d,0
124,129,d,0
195,182,d,0
98,130,d,0
123,189,d,0
180,56,d,0
97,149,d,0
69,12,d,0
88,182,d,0
149,188,d,0
107,197,d,0
176,88,d,0
124,172,d,0
195,143,d,0
132,4,d,0
60,17,d,0
10,121,d,0
69,66,d,0
188,106,d,0
180,155,d,0
91,154,t,2
20,40,e,0
83,196,d,0
139,109,e,0
176,9,d,0
117,90,t,1
58,134,d,0
13,89,d,0
133,160,t,3
190,163,d,0
17,134,d,0
167,10,d,0
8,85,d,0
118,110,d,0
163,79,d,0
79,59,d,0
174,52,d,0
189,194,d,0
75,67,d,0
3,83,d,0
18,166,d,0
192,13,d,0
135,113,d,0
165,142,d,0
97,15,d,0
124,12,d,0
83,109,d,0
25,70,t,1
16,114,d,0
151,128,d,0
148,67,d,0
188,49,d,0
164,132,d,0
28,72,t,1
61,171,d,0
100,195,d,0
38,10,d,0
123,62,d,0
181,180,d,0
168,68,d,0
97,147,d,0
15,172,d,0
112,55,d,0
87,107,e,0
159,177,d,0
126,45,d,0
15,7,d,0
122,133,d,0
95,197,d,0
58,189,d,0
4,91,d,0
183,70,d,0
166,12,d,0
135,196,d,0
167,175,d,0
5,103,d,0
175,21,e,0
140,64,d,0
76,122,d,0
119,66,d,0
71,195,d,0
149,119,d,0
118,60,d,0
192,136,d,0
163,120,d,0
105,112,d,0
99,1,d,0
112,127,d,0
106,128,d,0
57,52,d,0
115,66,d,0
92,118,d,0
195,97,d,0
19,82,d,0
107,56,d,0
59,106,e,0
88,68,d,0
146,5,d,0
135,197,d,0
1,165,d,0
88,15,d,0
100,76,d,0
12,114,d,0
13,81,d,0
99,129,d,0
64,109,e,0
104,142,d,0
143,178,d,0
3,94,d,0
133,77,d,0
114,140,d,0
26,1,d,0
127,109,e,0
137,170,d,0
183,139,d,0
183,106,d,0
134,117,d,0
5,106,d,0
80,111,d,0
100,48,d,0
183,7,d,0
8,153,d,0
160,94,t,1
154,76,d,0
111,184,d,0
151,120,d,0
164,139,d,0
133,59,d,0
154,2,d,0
198,64,d,0
135,198,d,0
196,127,d,0
195,31,d,0
70,58,d,0
65,32,t,3
145,108,e,0
2,38,d,0
149,186,d,0
79,141,d,4
142,131,d,0
139,64,d,0
104,51,d,0
198,141,d,0
148,71,d,0
50,183,d,0
21,151,e,0
145,186,d,0
36,115,t,2
84,176,d,0
146,110,d,0
14,163,d,0
98,123,d,0
5,41,d,0
80,127,d,0
169,71,d,0
180,35,d,0
127,2,d,0
84,165,t,1
147,135,d,0
126,113,d,0
15,115,d,0
11,84,d,0
14,48,d,0
184,119,d,0
15,126,d,0
97,48,d,0
17,179,d,0
15,158,d,0
36,176,d,0
86,147,d,0
120,61,d,0
131,120,d,0
167,156,t,1
120,190,d,0
12,23,d,0
171,40,d,0
129,60,d,0
45,172,d,0
119,90,t,1
168,41,d,0
115,141,d,0
146,111,d,0
126,136,d,0
4,121,d,0
112,198,d,0
178,26,e,0
144,169,t,1
85,179,d,0
167,5,d,0
154,120,d,0
128,70,d,0
100,175,d,0
131,197,d,0
20,180,d,0
183,25,d,0
145,6,d,0
1,115,d,0
172,97,d,0
53,112,d,0
179,12,d,0
2,70,d,4
103,0,d,0
22,54,e,0
173,86,d,4
80,63,d,0
135,60,d,0
138,172,d,0
138,147,d,0
4,170,d,0
192,151,d,0
149,42,d,0
188,122,d,0
163,82,e,0
108,197,d,0
10,105,d,0
81,127,d,0
115,178,d,0
14,134,d,0
147,78,d,0
24,21,e,0
174,171,d,0
47,196,d,0
196,159,d,0
53,116,d,0
7,17,d,0
46,173,d,0
168,42,d,0
179,53,d,0
24,178,d,0
168,132,d,0
195,188,d,0
50,149,d,0
197,178,d,0
65,124,d,0
29,157,t,2
17,82,d,0
26,176,d,0
63,194,d,0
106,188,d,0
3,157,d,0
51,48,d,0
194,107,d,0
0,183,d,0
142,10,d,0
166,96,e,0
110,73,d,0
107,121,d,0
187,25,d,0
1,84,d,0
22,19,d,0
162,49,d,0
117,97,t,4
53,45,d,0
39,172,d,0
153,189,d,0
166,130,d,0
96,73,d,0
165,67,d,0
135,179,d,0
75,65,d,0
115,185,d,0
147,76,d,0
72,198,d,0
21,110,e,0
172,128,d,0
140,60,d,0
58,137,d,0
61,71,d,0
167,171,d,0
149,94,t,2
182,37,d,0
180,97,d,0
3,81,d,0
188,66,d,0
113,119,d,0
160,46,d,0
157,7,d,0
190,14,d,0
139,126,d,0
55,44,d,0
181,0,d,0
114,144,d,0
116,176,d,0
123,6,d,0
92,58,d,0
129,4,d,0
184,182,d,0
78,57,d,0
5,25,d,0
78,198,d,0
190,59,d,0
68,69,d,0
71,67,d,0
167,81,d,0
91,135,d,0
98,124,d,0
165,49,d,0
152,60,d,0
198,195,d,0
106,146,d,0
17,35,d,0
80,86,t,2
96,118,d,0
197,28,d,0
57,116,d,0
78,174,d,0
193,96,d,0
56,14,d,0
106,3,d,0
60,109,e,0
175,97,d,0
76,44,d,0
149,2,d,0
52,74,d,0
133,163,t,2
160,57,d,0
5,91,d,0
42,197,d,0
40,179,d,0
69,149,d,0
31,179,d,0
104,106,e,0
153,3,d,0
71,125,d,0
195,67,d,0
52,147,d,0
59,12,d,0
177,132,d,0
156,11,d,0
144,49,d,0
58,190,d,0
178,77,d,0
132,67,d,0
178,72,d,0
0,126,d,0
45,9,d,0
7,1,d,0
2,88,d,0
50,176,d,0
85,138,d,0
147,45,d,0
50,12,d,0
167,51,d,0
121,71,d,0
68,93,t,2
130,51,d,0
65,76,d,0
6,84,d,0
182,115,d,0
4,114,d,0
67,124,d,0
151,111,d,0
8,186,d,0
65,179,d,0
62,183,d,0
10,76,d,0
115,182,d,0
8,151,d,0
46,10,d,0
129,130,d,0
197,21,d,0
189,192,d,0
4,82,d,0
139,192,d,0
174,106,d,0
81,172,d,0
186,127,d,0
169,197,d,0
71,0,d,0
82,43,d,0
133,137,d,0
69,57,d,0
75,110,d,0
159,186,d,0
38,195,d,0
82,153,t,2
23,60,e,0
6,154,d,0
163,130,d,0
140,147,d,0
186,101,d,0
155,140,d,0
142,52,d,0
24,59,e,0
123,198,d,0
78,43,d,0
44,17,d,0
0,101,d,0
180,130,d,0
151,53,d,0
31,95,t,4
176,96,d,0
23,59,e,4
75,128,d,0
130,17,d,0
30,160,t,2
89,137,d,0
190,95,d,0
37,14,d,0
165,140,d,0
153,115,d,0
185,137,d,0
24,7,d,0
180,125,d,0
2,97,d,0
105,1,d,0
61,176,d,0
134,135,d,0
125,126,d,0
66,179,d,0
1,131,d,0
191,160,d,0
184,44,d,0
178,160,e,0
92,10,d,0
62,124,d,0
52,75,d,0
180,53,d,0
119,107,e,0
56,86,t,1
185,183,d,0
5,50,d,0
73,122,d,0
57,185,d,0
67,185,d,0
2,165,d,0
150,144,d,0
54,114,d,0
49,2,d,0
17,18,d,0
197,11,d,0
184,127,d,0
196,86,d,0
138,122,d,0
195,51,d,0
135,18,d,0
18,191,d,0
126,56,d,0
110,173,d,0
93,76,d,0
196,160,d,0
146,12,d,0
13,74,d,0
8,42,d,0
56,50,d,0
7,142,d,0
130,43,d,0
128,188,d,0
28,196,d,0
181,89,d,0
151,50,d,0
82,63,d,0
161,16,d,0
119,188,d,0
3,180,d,0
95,123,d,0
180,108,d,0
157,47,d,0
112,46,d,0
88,44,d,0
95,179,d,0
69,56,d,0
119,70,d,0
169,7,d,0
154,193,d,0
178,10,d,0
70,177,d,0
81,9,d,0
164,57,d,0
169,53,d,0
186,28,d,0
110,123,d,0
144,176,d,0
79,132,d,0
74,9,d,0
70,70,d,0
95,145,d,0
55,136,d,0
130,140,d,0
112,172,d,0
193,132,d,0
96,107,e,0
76,146,d,0
135,140,d,0
182,168,d,0
42,14,d,0
14,165,d,0
188,68,d,0
197,95,d,0
58,55,d,0
131,188,d,0
81,130,d,0
64,127,d,0
108,73,d,0
178,27,e,0
1,113,d,0
178,16,d,0
192,127,d,0
176,83,d,0
79,89,t,4
9,147,d,0
62,77,d,0
142,68,d,0
9,183,d,0
55,56,d,0
170,195,d,0
46,128,t,3
134,86,t,2
70,175,d,0
126,110,d,0
53,0,d,0
178,172,d,0
136,148,d,4
16,141,d,0
135,57,d,0
174,44,d,0
107,44,d,0
27,40,t,3
5,116,d,0
154,77,d,0
151,197,d,0
9,65,d,0
184,145,d,0
7,183,d,0
90,116,d,0
135,8,d,0
171,137,d,0
79,63,d,0
48,12,d,0
140,135,d,0
135,16,d,0
178,63,d,0
27,185,d,0
180,136,d,0
112,41,d,0
181,50,d,0
73,57,d,0
21,108,e,0
18,117,d,0
59,69,d,0
130,198,d,0
66,194,d,0
46,186,d,0
142,9,d,0
138,180,d,3
17,182,d,0
128,173,d,0
72,132,d,0
43,187,d,0
179,67,d,0
187,91,d,0
128,69,d,0
195,82,d,0
21,64,e,0
3,104,d,0
76,16,d,0
146,178,d,0
179,115,d,0
143,198,d,0
192,120,d,0
98,131,d,0
67,125,d,0
156,132,d,0
75,76,d,0
11,96,d,0
70,14,d,0
17,75,d,0
178,181,d,0
195,190,d,0
89,122,d,0
53,127,d,0
160,186,d,3
173,143,d,0
157,13,d,0
61,147,d,0
56,44,d,0
96,26,t,3
93,120,d,0
152,45,d,0
20,182,d,0
1,46,d,0
185,95,d,0
79,14,d,0
78,141,d,0
89,82,e,0
1,53,d,0
172,188,d,0
182,50,d,0
178,191,d,0
171,96,d,0
78,128,d,0
51,77,d,3
182,136,d,0
6,49,d,3
19,45,d,0
3,166,d,0
129,63,d,0
26,179,d,0
23,157,e,0
86,44,d,0
166,6,d,0
42,6,d,0
88,13,d,0
4,35,d,0
84,198,d,0
113,44,d,0
180,20,d,0
175,116,d,0
81,57,d,0
143,126,d,0
19,81,d,0
153,181,d,0
75,6,d,0
95,118,d,0
110,76,d,0
128,50,d,0
22,65,e,0
36,11,d,0
122,191,d,0
80,76,d,0
113,171,d,0
81,62,d,0
55,2,d,0
157,171,d,0
185,96,d,0
63,138,d,0
58,10,d,0
191,84,d,0
127,71,d,0
122,90,t,4
24,149,e,0
105,43,d,0
61,179,d,0
172,129,d,0
75,123,d,0
54,13,d,0
12,145,d,0
177,69,d,0
126,9,d,0
196,169,d,0
168,168,t,3
121,76,d,0
183,26,d,0
39,175,d,0
82,57,d,0
12,155,d,0
178,171,d,0
194,159,d,0
192,44,d,0
108,93,t,3
78,126,d,0
113,14,d,0
17,107,d,0
5,36,d,0
139,177,d,0
180,74,d,0
79,174,d,0
180,151,d,0
74,186,d,0
13,52,d,0
152,46,d,0
90,124,d,0
9,189,d,0
61,10,d,0
106,93,t,1
8,74,d,0
43,14,d,0
146,199,d,0
139,96,t,4
193,157,d,0
145,78,d,0
154,55,d,0
3,85,d,0
129,124,d,0
77,111,d,0
70,192,d,0
54,195,d,0
198,164,d,0
178,60,d,0
168,65,d,0
16,139,d,0
15,26,d,0
136,14,d,0
178,128,d,0
109,43,d,0
82,112,d,0
168,106,e,0
98,54,d,0
9,25,d,0
175,94,d,0
57,199,d,0
159,117,d,0
185,0,d,0
17,98,d,0
29,182,d,0
173,169,t,1
94,17,d,0
133,51,d,0
74,113,d,0
4,33,d,0
75,183,d,0
163,70,d,0
43,153,t,4
180,171,d,0
80,75,d,0
18,76,d,0
11,156,d,0
156,114,d,0
10,95,d,0
111,129,d,0
3,143,d,0
14,142,d,0
22,158,e,0
153,75,d,0
188,148,d,0
36,51,t,2
188,153,d,0
21,69,e,0
117,78,d,0
188,118,d,0
184,64,d,0
120,112,d,0
172,91,d,0
145,185,d,0
53,38,t,3
150,175,d,0
176,170,d,0
7,121,d,0
65,4,d,0
191,35,d,0
2,164,d,0
61,3,d,0
134,142,d,0
177,89,d,0
31,33,t,4
112,5,d,4
96,197,d,0
195,78,d,0
27,4,d,0
53,115,d,0
123,18,d,0
100,39,t,2
2,152,d,0
117,146,d,0
96,17,d,0
4,135,d,0
198,142,d,0
130,193,d,0
34,9,d,0
145,10,d,0
83,198,d,0
138,41,d,0
68,4,d,0
9,104,d,0
9,28,d,0
143,144,d,0
103,143,d,0
136,194,d,0
185,165,d,0
130,183,d,0
189,140,d,0
167,85,e,0
109,178,d,0
18,74,d,0
9,190,d,0
157,175,d,0
183,19,d,0
77,182,d,0
2,134,d,0
17,146,d,0
14,61,d,0
185,153,d,0
1,187,d,0
179,75,d,0
50,53,d,0
146,115,d,0
186,192,d,0
67,89,t,3
7,108,d,0
159,16,d,0
116,196,d,0
158,144,d,0
130,48,d,0
83,135,d,0
93,8,d,0
5,88,d,0
187,12,d,0
191,13,d,0
40,5,d,0
168,46,d,0
90,133,d,0
135,69,d,0
161,3,d,0
184,91,d,0
104,140,d,0
196,27,d,0
49,1,d,0
174,134,d,0
188,112,d,0
36,188,d,0
157,58,d,0
18,93,d,0
120,48,d,0
184,110,d,0
160,17,d,0
142,180,d,0
127,145,d,0
100,136,d,0
159,83,e,0
99,74,d,0
152,89,t,2
173,71,d,0
19,94,d,0
15,76,d,0
175,47,d,0
162,58,d,0
169,62,d,0
8,22,d,0
14,119,d,0
158,145,d,0
50,3,d,0
197,23,d,0
127,7,d,0
186,138,d,0
193,51,d,0
9,164,d,0
143,197,d,0
144,143,d,0
103,102,t,4
151,71,d,0
69,72,d,0
94,113,d,0
3,33,d,0
68,53,d,0
5,154,d,0
128,129,d,0
144,68,d,0
197,12,d,0
164,185,d,0
185,136,d,0
149,115,d,0
68,76,d,0
121,135,d,0
158,55,d,0
199,97,d,0
59,17,d,0
59,73,d,0
154,42,d,0
69,145,d,0
140,18,d,0
199,108,d,0
82,188,d,0
4,75,d,0
121,5,d,0
180,174,d,0
159,178,d,0
154,53,d,0
132,96,t,1
63,195,d,0
30,178,d,0
81,111,d,0
107,98,t,3
114,56,d,0
72,131,d,0
33,193,d,0
42,26,t,1
131,11,d,0
80,6,d,0
51,142,d,0
163,127,d,0
56,136,d,0
19,198,d,0
119,108,d,0
199,164,d,0
56,51,d,0
171,45,d,0
109,198,d,0
114,132,d,0
145,79,d,0
9,79,d,0
159,46,d,0
2,36,d,0
121,10,d,0
82,19,d,0
179,119,d,0
24,119,e,2
21,2,d,0
176,171,d,0
166,173,d,0
15,154,d,0
194,140,d,0
109,42,d,0
192,26,d,0
110,180,d,0
182,25,d,0
89,130,d,0
105,190,d,3
68,79,d,0
122,7,d,0
144,42,d,0
127,99,t,3
150,125,d,0
180,43,d,0
191,29,d,0
34,11,d,4
151,64,d,0
196,20,d,0
149,145,d,0
79,49,d,0
71,112,d,0
108,107,e,0
120,50,d,0
139,72,d,0
62,139,d,0
105,14,d,0
185,16,d,0
170,89,d,0
40,187,d,0
195,165,d,0
197,55,d,0
96,143,d,0
178,52,d,0
123,114,d,0
49,0,d,0
100,179,d,0
143,111,d,0
60,128,d,0
146,72,d,0
74,142,d,0
23,166,e,0
57,197,d,0
95,74,d,0
145,191,d,0
180,156,d,0
192,148,d,0
102,195,d,0
159,7,d,0
19,159,d,0
93,178,d,0
139,87,t,3
86,67,d,0
33,111,t,2
3,163,d,0
148,66,d,0
190,199,d,0
21,50,e,0
189,52,d,0
177,15,d,0
108,173,d,0
174,80,d,0
196,97,d,0
155,139,d,0
16,39,d,0
156,61,d,0
89,47,d,0
192,192,d,0
102,12,d,0
101,199,d,0
147,113,d,0
180,80,d,0
183,9,d,0
104,115,d,0
60,66,d,0
16,103,d,0
175,113,d,0
108,134,d,0
123,115,d,0
188,35,d,0
60,90,t,4
22,31,e,3
110,14,d,0
137,145,d,0
16,27,d,0
197,106,d,0
186,140,d,0
172,96,d,0
143,91,t,1
6,48,d,3
119,134,d,0
64,49,d,0
124,143,d,0
21,5,d,0
63,126,d,0
81,41,d,0
188,85,d,0
54,28,t,4
132,119,d,0
83,177,d,0
103,165,t,3
194,45,d,0
172,80,d,0
2,155,d,0
105,173,d,0
5,23,d,0
175,52,d,0
139,10,d,0
170,169,t,2
16,54,d,0
154,178,d,0
163,51,d,0
151,79,d,0
192,55,d,0
172,93,d,0
151,67,d,0
53,64,d,0
90,134,d,0
43,162,t,2
94,145,d,0
188,136,d,0
123,137,d,0
17,42,d,0
0,155,d,0
170,184,d,0
65,42,d,0
8,56,d,0
79,19,d,0
0,146,d,0
180,6,d,0
112,108,e,0
80,176,d,0
112,113,d,0
123,41,d,0
11,158,d,0
27,7,d,0
78,0,d,0
158,23,t,2
120,56,d,0
83,13,d,0
67,2,d,0
192,108,d,0
172,173,d,0
160,138,d,0
178,41,d,3
168,77,d,0
150,44,d,0
84,117,d,0
20,137,e,0
42,12,d,0
165,181,d,0
155,73,d,0
75,99,t,3
133,122,d,0
59,118,d,0
28,15,d,0
10,35,d,0
66,47,d,0
59,54,d,0
188,91,d,0
62,114,d,0
46,174,d,0
188,152,d,0
115,147,d,0
74,2,d,0
147,57,d,0
70,49,d,0
116,142,d,0
152,117,d,0
192,47,d,0
9,48,d,0
101,187,d,0
108,144,d,0
104,63,d,0
176,45,d,0
9,69,d,0
3,155,d,0
192,63,d,0
199,52,d,0
130,8,d,0
109,61,d,0
35,1,d,0
30,172,d,0
155,48,d,0
131,177,d,0
126,72,d,0
60,3,d,0
104,64,d,0
177,20,d,0
84,134,d,0
83,102,t,1
17,20,d,0
73,60,d,0
167,196,d,0
145,87,t,4
93,71,d,0
8,106,d,0
181,126,d,0
73,87,t,3
138,74,d,0
13,163,d,0
120,141,d,0
1,55,d,0
42,24,t,4
39,194,d,0
124,66,d,0
197,92,d,0
84,45,d,0
15,6,d,0
139,44,d,0
69,143,d,0
128,42,d,0
171,68,d,0
198,89,d,0
156,103,t,1
67,41,d,0
159,17,d,0
141,138,d,0
19,27,d,0
33,75,t,2
133,60,d,0
56,146,d,0
69,75,d,0
132,122,d,0
131,110,d,0
116,175,d,0
148,72,d,0
51,75,d,0
183,23,d,0
188,52,d,0
79,194,d,0
165,50,d,0
135,186,d,0
65,184,d,0
63,180,d,0
59,136,d,0
105,141,d,0
46,18,d,0
112,7,d,0
170,99,d,0
86,46,d,0
163,134,d,0
2,93,d,0
7,135,d,0
8,156,d,0
41,183,d,0
173,41,d,0
67,51,d,0
137,17,d,0
73,178,d,0
173,181,d,0
196,196,d,0
109,52,d,0
60,177,d,0
149,178,d,0
13,87,d,0
164,68,d,0
17,176,d,0
67,52,d,0
111,123,d,0
4,48,d,0
110,181,d,0
183,34,d,0
168,7,d,0
165,85,e,0
95,78,d,0
197,7,d,0
19,40,d,0
113,103,t,2
149,47,d,0
158,128,d,0
153,188,d,0
15,20,d,0
43,189,d,0
90,183,d,0
175,20,e,0
105,147,d,0
94,2,d,0
20,128,e,0
24,45,d,0
132,129,d,0
97,80,d,0
93,141,d,0
121,44,d,0
114,17,d,0
42,188,d,0
181,61,d,0
192,101,d,0
54,183,d,0
166,61,d,0
194,81,d,0
165,124,d,0
182,98,d,0
116,15,d,0
77,198,d,0
11,76,d,0
144,192,d,0
68,128,d,0
195,101,d,0
199,184,d,0
94,124,d,0
87,71,d,0
33,46,t,4
157,87,t,4
59,74,d,0
8,146,d,0
29,176,d,0
150,140,d,0
39,189,d,0
111,186,d,0
160,196,d,0
120,149,d,0
187,153,d,0
122,70,d,0
168,61,d,0
72,85,t,1
23,4,d,0
76,111,d,0
179,133,d,0
74,53,d,0
54,113,d,0
190,165,d,0
70,179,d,0
45,132,t,1
74,40,d,0
195,21,d,0
83,69,d,0
94,118,d,0
90,72,d,0
60,55,d,0
31,176,d,0
18,48,d,0
64,126,d,0
66,76,d,0
190,151,d,0
122,121,d,0
16,166,d,0
112,135,d,0
98,144,d,0
157,138,d,0
178,51,d,0
75,195,d,0
187,118,d,0
195,126,d,0
63,16,d,0
71,175,d,0
117,178,d,0
101,107,e,0
6,176,d,0
21,182,d,0
78,193,d,0
36,76,t,3
199,3,d,0
142,199,d,0
87,47,d,0
84,22,t,1
182,149,d,0
131,145,d,0
49,101,t,3
84,68,d,0
160,48,d,0
196,35,d,0
196,96,d,0
72,50,d,0
170,83,d,0
143,60,d,0
158,143,d,0
140,65,d,0
178,94,d,0
31,183,d,0
69,199,d,0
10,7,d,0
183,84,d,0
141,112,d,0
138,56,d,0
98,53,d,0
80,117,d,0
73,10,d,0
187,157,d,0
88,86,t,2
51,194,d,0
82,189,d,0
192,147,d,0
191,199,d,0
94,68,d,0
185,170,d,0
198,27,d,0
130,86,t,1
24,179,d,0
7,44,d,0
163,166,t,3
23,131,e,3
179,91,d,0
114,185,d,0
181,146,d,0
167,45,d,0
53,153,t,1
72,6,d,0
68,70,d,0
7,96,d,0
108,14,d,0
77,146,d,0
175,103,d,0
82,73,d,0
139,62,d,0
19,128,d,0
120,72,d,0
69,114,d,0
83,191,d,0
55,185,d,0
79,16,d,0
129,109,e,0
6,183,d,0
64,15,d,4
1,149,d,0
88,81,e,0
196,6,d,0
49,7,d,0
9,12,d,0
71,193,d,0
146,196,d,0
51,136,d,0
195,68,d,0
63,71,d,0
153,148,d,0
53,135,d,0
140,197,d,0
21,30,e,0
112,181,d,0
105,72,d,0
102,170,d,0
82,56,d,0
94,177,d,0
190,87,d,0
135,73,d,0
89,49,d,0
102,47,d,0
88,78,d,0
188,57,d,0
69,139,d,0
139,13,d,0
160,145,d,0
189,174,d,0
73,40,d,0
196,64,d,0
144,3,d,0
20,127,e,0
89,180,d,0
58,62,d,3
104,195,d,0
90,54,d,0
174,117,d,0
97,193,d,0
15,95,d,0
40,6,d,0
3,26,d,0
62,12,d,0
108,49,d,0
20,138,e,0
172,144,d,0
88,74,d,0
127,153,t,1
54,199,d,0
88,75,d,0
107,36,t,1
148,199,d,0
64,115,d,0
172,90,d,0
84,194,d,0
153,76,d,0
18,44,d,4
94,153,t,4
95,61,d,0
73,72,d,0
199,136,d,0
142,7,d,0
69,141,d,0
16,72,d,0
186,125,d,0
21,128,e,0
184,51,d,0
115,77,d,0
72,17,d,0
80,10,d,0
132,175,d,0
108,47,d,0
105,47,d,0
78,173,d,0
193,14,d,0
64,147,d,0
7,172,d,0
95,190,d,0
62,6,d,0
0,63,d,0
188,21,d,0
86,54,d,0
1,60,d,0
25,120,t,4
195,64,d,0
61,11,d,0
111,131,d,0
6,47,d,0
78,129,d,0
198,121,d,0
133,29,t,4
79,118,d,0
121,110,d,0
118,52,d,0
157,9,d,0
144,123,d,0
186,99,d,4
175,65,d,0
28,169,t,2
114,178,d,0
4,104,d,0
10,166,d,0
130,47,d,0
89,132,d,0
53,144,d,0
142,13,d,0
189,133,d,0
104,76,d,0
148,15,d,0
193,25,d,0
124,5,d,0
1,186,d,0
109,56,d,0
96,51,d,0
195,30,d,0
25,9,d,0
131,187,d,0
90,188,d,0
196,116,d,0
3,156,d,0
199,191,d,0
86,4,d,0
100,15,d,0
98,12,d,0
20,136,e,0
185,139,d,0
84,183,d,0
53,133,d,0
58,182,d,0
136,193,d,0
155,147,d,0
193,184,d,0
118,78,d,0
48,184,d,0
94,147,d,0
37,184,d,0
16,113,d,0
159,187,d,0
171,141,d,0
10,165,d,0
69,137,d,0
15,59,d,0
59,131,d,0
1,132,d,0
187,129,d,0
81,134,d,0
53,113,d,0
11,102,d,0
12,143,d,0
147,195,d,0
135,117,d,0
163,197,d,3
85,61,d,0
191,75,d,0
105,149,d,0
55,3,d,0
10,177,d,0
111,10,d,0
74,55,d,0
162,145,d,0
126,135,d,0
17,137,d,0
84,6,d,0
145,44,d,0
150,63,d,0
46,5,d,0
115,133,d,0
186,133,d,0
180,68,d,0
194,91,d,0
106,11,d,0
53,111,d,0
104,59,d,0
131,115,d,0
186,55,d,0
1,6,d,0
163,132,d,0
155,53,d,0
85,19,d,0
189,185,d,0
2,55,d,0
105,182,d,0
36,164,t,2
9,27,d,0
59,134,d,0
197,14,d,0
15,106,d,0
70,119,d,0
178,147,d,0
174,7,d,0
185,175,d,0
144,44,d,0
4,56,d,0
129,15,d,0
197,60,d,0
10,164,d,0
178,180,d,0
190,107,d,0
0,182,d,0
9,91,d,0
142,192,d,0
71,145,d,0
136,55,d,0
51,170,d,0
20,167,e,0
136,88,t,4
198,110,d,0
20,60,e,0
134,138,d,0
124,110,d,0
196,36,d,0
4,63,d,0
180,153,d,0
172,198,d,0
89,109,d,0
57,4,d,0
27,172,d,0
81,95,t,4
123,110,d,0
119,177,d,0
81,185,d,0
132,147,d,0
106,60,d,0
163,17,d,0
158,47,d,0
28,182,d,0
54,149,d,0
92,7,d,0
16,31,d,0
121,59,d,0
1,191,d,0
60,114,d,0
125,145,d,0
81,46,d,0
20,141,e,0
125,0,d,0
59,135,d,0
166,139,d,0
14,92,d,0
179,25,d,0
50,173,d,0
100,173,d,0
155,136,d,0
131,13,d,0
108,50,d,0
129,96,t,4
142,143,d,0
150,90,t,4
94,128,d,0
57,12,d,0
160,191,d,0
178,79,d,0
113,73,d,0
103,185,d,0
117,6,d,0
79,170,d,0
9,78,d,4
104,107,e,0
102,71,d,0
113,82,e,0
144,92,t,1
55,17,d,0
90,49,d,0
143,124,d,0
115,7,d,0
134,175,d,0
190,28,d,4
1,135,d,0
169,18,d,0
150,185,d,0
4,140,d,0
13,171,d,0
104,87,t,2
16,131,d,0
54,147,d,0
199,151,d,0
2,35,d,0
32,155,t,4
133,75,d,0
119,123,d,0
135,116,d,0
127,173,d,0
199,98,d,0
88,67,d,0
100,138,d,0
182,5,d,0
75,182,d,0
45,6,d,0
25,183,d,0
77,183,d,0
105,131,d,0
171,162,t,3
54,4,d,0
162,136,d,0
129,0,d,0
118,14,d,0
74,15,d,0
179,108,d,0
171,48,d,0
100,47,d,0
178,30,e,0
57,138,d,0
192,150,d,0
74,51,d,0
39,161,t,2
191,68,d,0
161,182,d,0
150,192,d,0
13,51,d,0
101,44,d,0
135,195,d,0
13,172,d,0
72,45,d,0
197,18,d,0
99,189,d,0
106,171,d,0
74,107,e,0
88,132,d,0
130,78,d,0
69,111,d,0
125,136,d,0
149,1,d,0
71,199,d,0
98,136,d,0
12,8,d,0
175,123,d,0
119,56,d,0
171,197,d,0
55,197,d,0
42,184,d,0
151,70,d,0
130,83,e,0
164,40,d,0
105,133,d,0
60,127,d,0
5,6,d,0
97,167,t,2
164,79,d,0
98,8,d,0
79,72,d,0
148,180,d,0
52,76,d,0
104,70,d,0
9,151,d,0
191,66,d,0
186,56,d,0
4,101,d,0
153,135,d,0
70,188,d,0
193,123,d,0
25,102,t,3
51,67,d,3
25,196,d,0
175,95,d,0
81,63,d,0
104,10,d,0
100,43,d,0
182,192,d,0
4,185,d,0
179,74,d,0
183,69,d,0
113,6,d,0
113,132,d,0
100,110,d,0
64,63,d,3
119,8,d,0
80,116,d,0
136,195,d,0
75,111,d,0
124,76,d,0
105,50,d,0
176,172,d,0
57,55,d,0
183,101,d,0
14,193,d,0
148,181,d,0
54,77,d,0
134,193,d,0
166,171,d,0
1,88,d,0
51,66,d,0
85,111,d,0
83,124,d,0
143,155,t,2
4,160,d,0
60,194,d,0
9,108,d,3
54,127,d,0
169,140,d,0
13,0,d,0
79,39,t,4
125,177,d,0
4,89,d,0
4,173,d,0
119,199,d,0
123,73,d,0
111,12,d,0
48,189,d,0
94,3,d,0
61,53,d,0
95,80,e,0
191,121,d,0
173,42,d,0
151,189,d,0
61,47,d,0
87,55,d,0
180,94,d,0
19,44,d,0
153,8,d,0
67,16,d,0
151,99,t,3
63,113,d,3
22,14,d,0
1,26,d,0
190,8,d,0
190,21,d,0
74,0,d,0
193,118,d,0
12,164,d,0
89,12,d,0
102,182,d,0
85,178,d,0
17,84,d,0
176,84,d,0
152,79,d,0
142,122,d,0
104,108,e,0
126,137,d,0
88,66,d,0
139,20,t,1
67,110,d,0
35,174,d,0
149,77,d,0
90,179,d,0
29,150,t,2
68,9,d,0
160,101,t,3
146,119,d,0
65,80,d,0
59,96,t,1
135,42,d,0
123,128,d,0
55,198,d,0
108,70,d,0
183,166,d,0
67,100,t,3
134,56,d,0
149,193,d,0
58,97,t,1
161,128,d,0
135,72,d,0
32,0,d,0
183,18,d,0
198,194,d,0
13,84,d,0
40,178,d,0
170,145,d,0
148,145,d,0
62,132,d,0
192,71,d,0
8,96,d,0
10,2,d,0
89,87,t,3
26,187,d,0
178,161,e,3
59,111,d,0
142,70,d,0
52,137,d,0
100,188,d,0
180,36,d,0
163,61,d,0
6,156,d,0
35,6,d,0
139,195,d,0
93,52,d,0
77,60,d,0
159,43,d,0
53,92,t,1
164,133,d,0
57,75,d,0
137,77,d,0
186,1,d,0
131,133,d,0
160,128,d,0
106,10,d,0
129,53,d,0
17,177,d,0
149,8,d,0
8,46,d,0
129,119,d,0
156,135,d,0
32,15,d,0
150,87,t,2
120,11,d,0
109,80,e,0
14,146,d,0
197,72,d,0
102,118,d,0
132,70,d,0
58,15,d,0
112,111,d,0
131,186,d,0
51,131,d,0
151,62,d,0
18,182,d,0
40,176,d,0
192,22,d,0
176,95,d,0
75,187,d,0
71,120,d,0
52,141,d,0
5,131,d,0
16,105,d,0
46,148,t,1
99,130,d,0
197,109,d,0
180,37,d,0
153,113,d,0
102,54,d,0
147,129,d,0
197,171,d,0
191,65,d,0
11,26,d,0
76,19,d,0
96,9,d,0
119,144,d,0
50,89,t,4
160,148,d,0
6,12,d,0
178,117,d,0
126,114,d,0
97,153,t,2
20,183,d,0
0,19,d,0
92,56,d,0
188,116,d,0
192,24,d,0
125,9,d,0
50,14,d,0
74,145,d,0
195,107,d,0
166,116,d,0
185,54,d,0
129,72,d,0
121,40,d,0
107,114,d,0
8,23,d,0
113,183,d,0
184,69,d,0
6,74,d,0
14,71,d,0
155,71,d,0
72,129,d,0
77,69,d,0
183,108,d,0
185,25,d,0
18,144,d,0
50,6,d,0
132,179,d,0
186,18,d,0
66,137,d,0
50,15,d,0
23,27,e,0
154,110,d,0
114,193,d,0
7,115,d,0
90,192,d,0
128,198,d,0
67,56,d,0
131,174,d,0
3,179,d,0
61,175,d,0
13,21,d,0
198,98,d,0
111,174,d,0
51,71,d,0
112,11,d,0
3,112,d,0
145,184,d,0
16,1,d,0
23,30,e,0
73,97,t,3
168,155,t,2
53,114,d,0
157,15,d,0
125,8,d,0
159,14,d,0
29,136,t,2
140,97,t,3
70,47,d,0
167,178,d,0
175,174,d,0
192,48,d,0
194,139,d,0
131,68,d,0
120,195,d,0
52,145,d,0
188,197,d,0
0,33,d,0
84,197,d,0
180,197,d,0
24,176,d,0
101,189,d,0
97,67,d,0
72,58,d,0
15,105,d,0
16,50,d,0
69,95,t,2
155,80,d,0
72,148,d,0
88,170,d,0
11,18,d,0
192,96,d,0
12,121,d,0
114,16,d,0
167,53,d,0
190,85,d,0
1,167,d,0
79,13,d,0
121,109,e,0
170,15,d,0
155,190,d,0
88,184,d,0
198,63,d,0
75,112,d,0
156,54,d,0
89,6,d,0
53,74,d,0
198,168,d,0
148,197,d,0
183,60,d,0
56,172,d,0
123,146,d,0
171,127,d,0
26,178,d,0
187,81,d,0
51,11,d,0
0,35,d,0
51,124,d,0
100,176,d,0
156,139,d,0
151,182,d,0
177,192,d,0
7,55,d,0
18,125,d,0
185,126,d,0
118,73,d,0
3,192,d,0
56,17,d,0
147,111,d,0
38,83,t,4
70,180,d,0
195,69,d,0
190,121,d,0
17,34,d,0
173,93,d,0
97,103,t,3
182,114,d,0
3,134,d,0
110,190,d,0
136,9,d,0
87,191,d,0
103,110,d,0
160,147,d,0
122,194,d,0
184,132,d,0
20,105,d,0
4,55,d,0
139,182,d,0
140,79,d,0
13,116,d,0
155,188,d,0
92,55,d,0
2,116,d,0
86,9,d,0
140,171,d,0
17,185,d,0
106,110,d,0
2,117,d,0
144,52,d,0
157,140,d,0
18,165,d,0
20,80,e,0
130,16,d,0
4,115,d,0
108,16,d,0
139,134,d,0
23,2,d,0
89,140,d,0
157,95,t,1
152,64,d,0
114,34,t,2
140,58,d,0
169,5,d,0
87,133,d,0
61,14,d,0
87,46,d,0
68,114,d,0
155,18,d,0
170,62,d,0
140,187,d,0
153,199,d,0
196,103,d,0
198,24,d,0
191,131,d,0
110,85,t,3
176,123,d,0
60,9,d,0
22,157,e,0
93,137,d,0
93,110,d,0
75,120,d,0
2,7,d,0
97,115,d,0
197,170,d,0
52,183,d,0
111,0,d,0
175,66,d,0
13,44,d,0
162,46,d,0
5,178,d,0
199,48,d,0
142,54,d,0
35,181,d,0
82,186,d,0
153,77,d,0
183,185,d,0
141,51,d,0
78,42,d,0
14,46,d,4
118,118,d,0
137,68,d,0
175,197,d,0
165,180,d,0
23,190,d,0
129,126,d,0
150,95,t,2
139,86,t,4
150,52,d,0
98,114,d,0
82,128,d,0
175,59,d,0
100,2,d,0
2,24,d,0
32,193,d,0
164,134,d,0
154,54,d,0
146,167,t,2
161,7,d,0
182,96,d,0
101,143,d,0
71,7,d,0
185,24,d,0
149,76,d,0
0,124,d,0
138,129,d,0
118,180,d,0
57,135,d,0
178,187,d,0
191,107,d,0
179,170,d,0
54,136,d,0
147,117,d,0
77,40,d,0
116,129,d,0
191,67,d,0
109,7,d,0
94,195,d,0
130,71,d,0
182,167,d,0
188,38,d,0
22,47,e,0
49,132,t,0
143,176,d,0
181,91,d,0
191,125,d,0
75,60,d,0
166,121,d,0
111,173,d,0
189,96,d,0
172,167,t,4
77,5,d,0
53,126,d,0
162,141,d,0
10,26,d,0
73,179,d,0
196,77,d,0
139,188,d,0
64,101,t,2
60,80,e,0
117,14,d,0
153,139,d,0
195,119,d,0
78,181,d,0
159,48,d,0
148,123,d,0
156,138,d,4
191,36,d,0
81,3,d,0
116,137,d,0
141,82,e,0
184,104,d,0
189,193,d,0
16,7,d,0
21,56,e,0
102,196,d,0
49,179,d,0
2,137,d,0
189,122,d,0
121,95,t,4
116,143,d,0
13,86,d,0
83,59,d,0
170,123,d,0
15,116,d,0
175,147,d,0
158,88,t,1
177,180,d,0
159,76,d,0
145,80,e,0
50,76,d,0
183,61,d,0
15,191,d,0
7,145,d,0
155,130,d,0
156,199,d,0
149,64,d,0
80,83,e,0
3,107,d,0
13,127,d,0
182,63,d,0
170,61,d,0
178,17,d,0
109,81,e,0
181,192,d,0
76,188,d,0
192,171,d,0
91,82,e,0
147,114,d,0
69,109,e,0
109,140,d,0
4,42,d,0
173,35,t,1
17,41,d,0
99,7,d,0
171,79,d,0
68,149,d,0
89,147,d,0
56,43,d,0
108,149,d,0
102,134,d,0
179,109,d,0
172,11,d,0
123,173,d,0
101,72,d,0
0,97,d,0
16,104,d,0
101,118,d,0
110,129,d,0
166,94,e,0
91,182,d,0
149,11,d,0
147,174,d,0
181,165,d,0
139,141,d,0
69,14,d,0
154,119,d,0
15,86,d,0
0,16,d,0
107,193,d,0
41,14,d,0
53,123,d,0
137,120,d,0
171,138,d,0
73,81,e,0
27,198,d,0
3,169,d,0
189,55,d,0
57,176,d,0
127,55,d,0
178,143,d,0
71,180,d,0
18,35,d,0
112,170,d,0
128,110,d,0
167,69,d,0
197,83,d,0
109,119,d,0
83,136,d,0
178,49,d,0
24,5,d,0
129,194,d,0
148,2,d,0
19,71,d,0
182,141,d,0
87,179,d,0
37,10,d,0
168,83,e,0
11,108,d,0
134,15,d,0
81,24,t,4
166,124,d,0
165,185,d,0
58,2,d,0
124,139,d,0
23,24,e,4
112,136,d,0
118,40,d,0
186,185,d,0
160,11,d,0
50,85,t,1
79,96,t,1
35,195,d,0
156,2,d,0
157,146,d,0
72,98,t,4
29,158,t,2
157,119,d,0
113,187,d,0
173,149,d,0
6,118,d,0
6,106,d,0
59,57,d,0
169,54,d,0
78,77,d,0
67,131,d,0
162,132,d,0
57,66,d,0
137,97,t,2
103,75,d,0
75,196,d,0
63,48,d,0
95,59,d,0
119,154,t,4
95,171,d,0
55,49,d,0
56,1,d,0
83,22,t,3
15,84,d,0
84,142,d,0
153,116,d,0
97,119,d,0
190,161,d,0
1,94,d,0
7,8,d,0
60,69,d,0
180,96,d,0
129,61,d,0
159,82,d,0
79,134,d,0
125,6,d,0
144,67,d,0
74,47,d,0
8,47,d,0
83,179,d,0
119,190,d,0
185,45,d,0
94,174,d,0
64,7,d,0
31,86,t,4
115,183,d,0
19,29,d,0
101,188,d,0
146,128,d,0
133,46,d,0
57,136,d,0
79,183,d,0
185,61,d,0
152,195,d,0
185,182,d,0
136,117,d,0
100,129,d,0
93,148,d,0
44,180,d,0
1,24,d,0
113,91,t,4
111,44,d,0
163,150,t,2
180,181,d,0
84,191,d,0
101,99,t,2
91,52,d,0
63,128,d,0
116,92,t,4
108,192,d,0
188,156,d,0
171,179,d,0
178,25,e,0
2,166,d,0
19,181,d,0
110,83,e,0
149,135,d,0
144,9,d,0
22,181,d,0
112,112,d,0
73,112,d,0
81,116,d,0
140,191,d,0
184,166,d,4
103,3,d,0
89,115,d,0
159,171,d,0
175,58,d,0
5,135,d,0
181,154,d,0
186,17,d,0
89,189,d,0
190,125,d,0
188,76,d,0
19,114,d,0
116,77,d,0
62,143,d,0
106,129,d,0
135,0,d,0
90,197,d,0
44,18,d,0
11,0,d,0
182,35,d,0
72,146,d,0
148,128,d,0
186,194,d,0
61,115,d,0
175,105,d,0
6,105,d,0
185,14,d,0
55,55,d,0
95,129,d,0
108,19,d,0
144,6,d,0
8,122,d,4
141,97,t,3
168,6,d,0
192,133,d,0
111,52,d,0
185,46,d,0
8,84,d,0
196,187,d,0
149,7,d,0
0,46,d,0
178,9,d,0
142,190,d,0
84,70,d,0
7,178,d,0
128,14,d,0
7,9,d,0
113,102,t,2
137,64,d,0
172,101,d,0
144,148,d,0
82,111,d,0
14,69,d,0
198,96,d,0
26,9,d,0
56,24,t,4
133,176,d,0
152,63,d,0
155,123,d,0
133,191,d,0
27,22,t,3
12,126,d,0
157,180,d,0
100,198,d,0
199,182,d,0
85,120,d,0
9,66,d,0
150,152,t,4
146,56,d,0
45,145,t,3
1,8,d,0
71,50,d,0
162,86,t,4
83,34,t,2
109,75,d,0
7,122,d,0
182,1,d,0
83,119,d,0
58,123,d,0
169,117,d,0
131,64,d,0
89,113,d,0
156,134,d,0
49,189,d,0
134,87,t,1
124,75,d,0
186,4,d,0
26,90,t,4
104,3,d,0
14,32,d,0
108,110,d,0
73,6,d,0
186,10,d,0
10,86,d,0
8,4,d,0
54,64,d,0
155,193,d,0
151,191,d,0
132,94,t,1
91,73,d,0
179,158,e,0
81,14,d,0
8,182,d,0
188,137,d,0
163,54,d,0
138,199,d,0
159,63,d,0
57,48,d,0
170,143,d,0
2,69,d,4
105,198,d,0
67,66,d,0
182,154,d,0
127,48,d,0
196,21,d,0
83,108,e,0
52,14,d,0
174,140,d,0
122,115,d,0
50,11,d,0
130,175,d,0
98,57,d,0
3,86,d,0
3,152,d,0
188,90,d,0
10,144,d,0
130,179,d,0
58,125,d,0
118,83,d,0
9,89,d,0
182,190,d,0
17,10,d,0
165,44,d,0
55,57,d,0
147,145,d,0
80,120,d,0
179,102,d,0
157,129,d,0
71,12,d,0
51,57,d,0
77,194,d,0
101,8,d,0
178,58,d,0
44,184,d,0
146,52,d,0
158,37,t,1
18,25,d,0
145,173,d,0
115,53,d,0
105,6,d,0
95,79,d,0
59,3,d,0
193,146,d,0
132,145,d,0
13,66,d,0
170,50,d,0
11,6,d,0
82,146,d,0
179,76,d,0
176,107,d,0
98,170,d,0
179,54,d,0
196,142,d,0
113,190,d,0
194,126,d,0
48,173,d,0
149,138,d,0
69,65,d,0
95,14,d,0
152,152,t,3
161,127,d,0
82,77,d,0
86,134,d,0
181,78,d,0
132,92,t,2
125,198,d,0
77,16,d,0
122,56,d,0
21,89,e,0
12,82,d,0
169,6,d,0
195,34,d,0
102,185,d,0
34,98,t,3
142,63,d,0
75,169,t,0
50,57,d,0
118,175,d,0
153,25,t,2
195,118,d,0
76,74,d,0
190,30,d,0
42,13,d,0
192,180,d,0
135,129,d,0
6,136,d,0
53,18,d,0
34,171,d,0
130,2,d,0
183,167,d,0
99,173,d,0
161,167,t,4
14,13,d,0
56,134,d,0
90,2,d,0
172,36,t,4
57,174,d,0
196,143,d,0
60,16,d,0
2,90,d,0
170,122,d,0
118,0,d,0
178,69,d,0
127,107,e,0
2,186,d,0
146,194,d,0
89,101,t,4
176,82,d,0
107,7,d,0
160,131,d,0
186,172,d,0
186,87,d,0
195,183,d,0
73,8,d,0
149,41,d,0
188,182,d,0
87,124,d,0
52,111,d,0
26,196,d,0
169,130,d,0
56,188,d,0
60,56,d,0
181,108,d,0
76,15,d,0
135,191,d,0
70,108,e,0
45,189,d,0
115,10,d,0
114,109,e,0
0,117,d,0
116,95,t,3
106,130,d,0
190,194,d,0
3,154,d,0
5,114,d,0
171,193,d,0
79,175,d,0
198,40,d,0
159,96,t,4
26,180,d,0
165,154,t,4
126,191,d,0
71,147,d,0
130,141,d,0
188,101,d,0
195,28,d,0
83,92,t,4
36,177,d,0
171,35,t,2
49,13,d,0
31,186,d,0
0,179,d,0
120,54,d,0
162,96,t,4
13,183,d,0
98,33,t,1
52,54,d,0
170,53,d,0
12,142,d,0
88,185,d,0
193,10,d,0
187,168,d,3
180,165,d,0
88,45,d,0
129,195,d,0
59,117,d,0
38,20,t,1
158,122,d,0
45,199,d,0
60,116,d,0
105,140,d,0
152,78,d,0
61,57,d,0
134,174,d,0
194,193,d,0
75,3,d,0
92,39,t,4
60,115,d,0
2,37,d,0
193,115,d,0
49,15,d,0
181,60,d,0
10,25,d,0
26,118,t,3
150,143,d,0
194,82,d,0
96,16,d,0
3,196,d,0
55,1,d,0
191,71,d,0
76,6,d,0
121,199,d,0
179,27,e,0
55,59,d,0
177,58,d,0
158,197,d,0
1,43,d,0
73,187,d,0
186,149,d,0
166,58,d,0
87,123,d,0
92,45,d,0
170,75,d,0
198,74,d,0
135,188,d,0
94,186,d,0
163,99,t,3
59,68,d,0
163,47,d,0
134,2,d,0
153,68,d,0
64,195,d,0
142,121,d,0
189,161,d,0
18,157,d,0
66,51,d,0
194,69,d,0
124,102,t,3
24,138,e,0
193,83,d,0
77,140,d,0
182,175,d,0
166,14,d,0
11,182,d,0
16,6,d,0
150,147,d,0
169,141,d,0
145,96,t,2
26,199,d,0
18,53,d,4
189,130,d,0
139,124,d,0
2,170,d,0
80,189,d,0
167,191,d,0
80,175,d,0
90,75,d,0
185,121,d,0
163,147,d,0
174,89,d,0
192,106,d,0
139,55,d,0
161,106,e,0
14,135,d,0
178,71,d,0
97,192,d,0
162,54,d,0
159,3,d,0
14,164,d,0
12,194,d,0
17,106,d,0
94,110,d,0
31,39,t,3
127,3,d,0
51,72,d,0
127,189,d,0
140,0,d,0
99,145,d,0
92,41,d,0
22,159,e,0
61,81,e,0
136,79,d,0
91,49,d,0
151,190,d,0
53,81,e,0
125,137,d,0
71,55,d,0
4,90,d,0
102,49,d,0
37,9,d,0
97,11,d,0
191,141,d,0
20,186,d,0
164,51,d,0
183,48,d,0
73,140,d,0
93,75,d,0
188,15,d,0
87,45,d,0
40,180,d,0
61,44,d,0
6,93,d,0
102,171,d,0
95,135,d,0
87,199,d,0
24,17,d,0
176,150,e,0
127,170,d,0
192,146,d,0
145,113,d,0
146,132,d,0
133,72,d,0
165,196,d,0
72,123,d,3
16,22,d,0
163,63,d,0
191,89,d,0
158,10,d,0
61,134,d,0
146,74,d,0
187,147,d,0
179,11,d,0
63,79,d,0
129,41,d,0
152,108,e,0
187,189,d,0
128,43,d,0
33,158,t,3
197,123,d,0
184,59,d,0
142,64,d,0
127,123,d,0
51,141,d,0
177,54,d,0
177,72,d,0
194,28,d,0
67,171,d,0
57,0,d,0
140,184,d,0
91,91,t,4
177,141,d,0
123,21,t,1
10,189,d,0
160,135,d,0
153,13,d,4
121,52,d,0
167,46,d,0
158,173,d,0
88,179,d,0
134,5,d,0
2,104,d,0
131,128,d,0
198,26,d,0
195,10,d,0
122,67,d,0
167,70,d,0
145,126,d,0
164,9,d,0
76,151,t,4
136,17,d,0
147,134,d,0
18,164,d,0
21,158,e,0
17,8,d,0
139,129,d,0
54,124,d,0
90,80,e,0
136,119,d,0
184,52,d,0
180,117,d,0
7,143,d,0
131,42,d,0
100,80,e,0
172,194,d,0
135,178,d,0
16,55,d,0
13,115,d,0
91,58,d,0
51,134,d,0
179,195,d,0
114,8,d,0
181,170,d,0
92,73,d,0
20,90,e,0
178,189,d,0
192,97,d,0
76,185,d,0
69,118,d,0
156,60,d,0
181,196,d,0
133,70,d,0
124,178,d,0
142,113,d,0
81,86,t,4
18,72,d,0
0,67,d,0
97,111,d,0
105,121,d,0
17,180,d,0
172,199,d,0
83,185,d,0
182,152,d,0
72,76,d,0
98,137,d,0
91,55,d,0
13,176,d,0
61,76,d,0
177,62,d,0
82,171,d,0
196,8,d,0
115,126,d,0
177,133,d,0
15,130,d,0
170,97,d,4
175,194,d,0
135,128,d,0
20,68,e,0
187,88,d,0
67,103,t,3
57,125,d,0
92,197,d,0
51,183,d,0
67,199,d,0
164,86,t,4
62,54,d,0
1,57,d,0
76,118,d,0
176,87,d,0
138,126,d,0
176,113,d,0
18,97,d,0
13,83,d,0
103,11,d,0
64,141,d,0
95,134,d,0
24,16,d,0
118,131,d,0
53,75,d,0
64,31,t,3
188,190,d,0
71,66,d,0
174,157,t,1
119,14,d,0
194,72,d,0
93,174,d,0
165,138,d,0
90,114,d,0
163,126,d,0
132,180,d,0
2,72,d,0
134,126,d,0
123,70,d,0
148,115,d,0
118,93,t,1
156,7,d,0
85,186,d,0
183,114,d,0
164,1,d,0
58,133,d,0
28,180,d,0
19,88,d,0
149,139,d,0
32,5,d,0
163,188,d,0
66,100,t,2
90,135,d,0
152,4,d,0
123,143,d,0
179,104,d,0
15,44,d,0
125,10,d,0
70,151,t,1
182,24,d,0
82,138,d,0
69,181,d,0
48,5,d,0
57,16,d,0
7,79,d,0
104,128,d,0
27,135,t,2
81,68,d,0
199,173,d,0
95,52,d,0
57,190,d,0
83,25,t,4
65,123,d,0
40,195,d,0
20,107,e,0
94,0,d,0
188,46,d,0
20,21,e,0
127,193,d,0
101,193,d,0
62,43,d,0
140,89,t,4
113,10,d,0
171,195,d,0
191,148,d,0
152,67,d,0
84,111,d,0
125,107,e,0
173,180,d,0
6,39,d,0
67,84,e,0
128,185,d,0
156,133,d,0
184,74,d,0
151,135,d,0
10,73,d,0
187,166,d,0
32,171,d,0
61,0,d,0
141,142,d,0
108,135,d,0
184,122,d,0
6,195,d,0
137,50,d,0
193,196,d,0
54,17,d,0
189,37,d,0
86,194,d,0
144,2,d,0
1,27,d,0
174,0,d,0
189,114,d,0
184,19,d,0
23,149,e,0
199,171,d,0
5,15,d,0
117,140,d,0
78,182,d,0
166,187,d,0
176,178,d,0
70,105,d,0
85,148,d,0
168,193,d,0
62,197,d,0
192,126,d,0
61,79,d,0
194,17,d,0
110,17,d,0
100,72,d,0
167,188,d,0
170,136,d,0
174,2,d,0
193,128,d,0
120,103,t,2
22,80,e,3
199,116,d,0
74,173,d,0
4,175,d,0
180,45,d,0
91,74,d,0
186,190,d,0
55,186,d,0
127,0,d,0
13,34,d,0
75,116,d,0
78,47,d,0
117,71,d,0
170,126,d,0
22,28,e,0
14,47,d,0
192,121,d,0
100,171,d,0
113,191,d,0
103,7,d,0
153,144,d,0
69,124,d,0
131,198,d,0
35,23,t,3
53,99,t,1
159,58,d,0
64,50,d,0
6,43,d,0
154,102,t,2
68,125,d,0
41,111,t,1
85,132,d,0
139,171,d,0
98,179,d,0
114,37,t,3
19,129,d,0
129,16,d,0
142,2,d,0
92,185,d,0
86,123,d,0
75,117,d,0
7,76,d,0
9,41,d,0
151,49,d,0
136,199,d,0
143,59,d,0
144,11,d,0
181,181,d,0
150,126,d,0
112,43,d,0
5,14,d,0
141,198,d,0
187,44,d,0
92,83,e,0
172,135,d,0
191,194,d,0
100,113,d,0
15,182,d,0
138,144,d,0
136,11,d,0
193,72,d,0
134,180,d,0
122,73,d,0
59,173,d,0
102,62,d,0
81,132,d,0
53,80,e,0
64,125,d,0
2,146,d,0
135,2,d,0
156,47,d,0
90,57,d,0
101,197,d,0
64,68,d,0
75,86,t,2
164,131,d,0
37,194,d,0
195,151,d,0
189,25,d,0
103,94,t,3
19,116,d,0
151,77,d,0
159,104,t,1
130,57,d,0
140,143,d,0
121,61,d,0
154,121,d,0
54,71,d,0
154,50,d,0
149,174,d,0
132,108,e,0
173,96,d,0
173,22,t,1
191,8,d,0
96,144,d,0
71,177,d,0
191,98,d,0
125,11,d,0
176,197,d,0
124,182,d,0
71,123,d,0
138,11,d,0
197,116,d,0
79,171,d,0
146,15,d,0
11,133,d,0
178,83,d,0
197,68,d,0
176,59,d,0
119,132,d,0
25,192,d,0
116,69,d,0
171,181,d,0
5,80,d,0
46,17,d,0
103,12,d,0
143,75,d,0
88,59,d,0
112,119,d,0
109,118,d,0
2,176,d,0
19,92,d,0
151,192,d,0
99,97,t,3
119,148,d,0
128,87,t,2
167,180,d,0
64,171,d,0
181,15,d,0
59,195,d,0
125,53,d,0
176,2,d,0
177,160,e,0
173,118,d,0
80,59,d,0
187,72,d,0
30,173,d,0
5,8,d,0
56,0,d,0
50,108,e,0
173,188,d,0
77,143,d,0
4,74,d,0
140,108,d,0
152,74,d,0
82,187,d,0
39,0,d,0
3,190,d,0
42,17,d,0
52,136,d,0
129,191,d,0
5,89,d,0
121,34,t,3
0,178,d,0
193,49,d,0
68,11,d,0
184,137,d,0
2,127,d,0
57,69,d,0
75,114,d,0
72,119,d,0
61,77,d,0
182,55,d,0
109,17,d,0
80,90,t,4
104,189,d,0
139,187,d,0
191,165,d,0
155,132,d,0
180,82,d,0
39,182,d,0
78,137,d,0
59,2,d,0
146,114,d,0
64,48,d,0
92,184,d,0
63,47,d,0
192,17,d,0
0,141,d,0
63,124,d,0
90,3,d,0
4,99,d,0
192,128,d,0
186,186,d,0
118,149,d,0
177,33,e,0
95,68,d,0
104,61,d,0
5,157,d,0
162,118,d,0
26,28,t,4
28,195,d,0
184,50,d,0
13,184,d,0
108,65,d,0
3,0,d,0
67,55,d,0
57,131,d,0
113,180,d,0
7,106,d,0
195,162,d,0
194,155,d,0
147,115,d,0
150,135,d,0
33,165,t,1
195,94,d,0
186,54,d,0
5,148,d,4
112,67,d,0
114,110,d,0
26,174,d,0
193,98,d,0
64,190,d,0
176,157,e,0
2,92,d,0
191,118,d,0
54,186,d,0
126,16,d,0
0,192,d,0
76,174,d,0
74,127,d,0
64,170,d,0
4,67,d,0
23,194,d,0
184,93,d,0
111,48,d,0
109,60,d,0
49,185,d,0
83,51,d,0
22,107,e,0
176,193,d,0
157,12,d,0
55,5,d,0
111,156,t,4
11,27,d,0
183,122,d,0
17,174,d,0
9,152,d,0
174,72,d,0
63,144,d,0
36,117,t,1
173,189,d,0
185,67,d,0
20,16,d,0
21,21,e,0
78,74,d,0
4,105,d,0
166,114,d,0
40,183,d,0
198,95,d,0
46,188,d,0
100,82,e,0
159,143,d,0
197,132,d,0
117,124,d,0
16,79,d,0
192,109,d,0
167,59,d,0
90,48,d,0
126,197,d,0
82,13,d,0
164,32,t,2
192,145,d,0
154,95,t,4
119,185,d,0
2,126,d,0
83,133,d,0
20,130,e,0
48,175,d,0
195,32,d,0
16,23,d,0
8,123,d,0
18,34,d,0
74,61,d,0
178,170,d,0
128,16,d,0
44,11,d,0
51,135,d,0
51,175,d,0
26,140,t,3
121,70,d,0
4,159,d,0
142,61,d,0
115,41,d,0
108,130,d,0
93,19,d,0
168,5,d,0
120,101,t,4
195,8,d,0
194,199,d,0
132,191,d,0
177,186,d,0
17,124,d,0
183,49,d,0
94,173,d,0
158,132,d,0
16,165,d,0
77,115,d,0
29,10,d,0
140,50,d,0
197,20,d,0
19,136,d,0
143,107,e,0
52,175,d,0
166,118,d,0
99,69,d,0
172,0,d,0
120,133,d,0
47,199,d,0
112,143,d,0
81,47,d,0
116,124,d,0
1,87,d,0
90,196,d,0
163,88,t,4
4,62,d,0
125,182,d,0
131,69,d,0
136,16,d,0
102,199,d,0
106,55,d,0
68,115,d,0
73,76,d,0
187,37,d,0
65,53,d,0
89,176,d,0
122,74,d,0
61,125,d,0
194,100,d,0
161,180,d,0
54,15,d,0
194,20,d,0
124,141,d,0
38,1,d,0
137,6,d,0
92,44,d,0
146,143,d,0
144,18,d,0
127,120,d,0
107,96,t,1
131,70,d,0
125,15,d,0
51,190,d,0
107,116,d,0
193,1,d,0
133,140,d,0
34,198,d,0
80,132,d,0
191,186,d,0
146,79,d,0
183,175,d,0
113,189,d,0
21,16,d,0
184,199,d,0
188,183,d,0
132,171,d,0
57,13,d,0
114,180,d,0
169,188,d,0
123,101,t,1
153,55,d,0
146,64,d,0
148,103,t,1
33,169,t,2
34,177,d,0
156,191,d,0
110,43,d,0
175,124,d,0
189,24,d,0
67,198,d,0
17,44,d,0
94,140,d,0
31,69,t,2
1,123,d,0
3,95,d,0
165,143,d,0
0,193,d,0
21,184,d,0
143,169,t,2
101,5,d,0
107,18,d,0
12,199,d,0
128,135,d,0
192,57,d,0
157,195,d,0
89,175,d,0
115,145,d,0
117,185,d,0
69,0,d,0
140,68,d,0
168,176,d,0
65,178,d,0
184,94,d,0
41,13,d,0
122,24,t,1
52,185,d,0
189,53,d,0
106,121,d,0
140,94,t,4
177,5,d,0
18,65,d,0
93,185,d,0
192,27,d,3
116,121,d,0
79,48,d,0
190,138,d,0
11,64,d,0
97,148,d,0
180,184,d,0
59,55,d,0
197,184,d,0
145,136,d,0
63,111,d,0
178,145,d,0
182,198,d,0
175,190,d,0
95,15,d,0
199,67,d,0
147,72,d,0
31,3,d,0
120,76,d,0
26,71,t,2
139,7,d,0
17,154,d,0
69,10,d,0
141,122,d,0
6,107,d,0
177,158,e,4
102,48,d,0
86,148,d,0
185,74,d,0
83,100,t,1
102,124,d,0
73,128,d,0
79,178,d,0
179,39,d,0
184,191,d,0
54,173,d,0
108,42,d,0
161,45,d,0
102,14,d,0
99,87,t,4
7,131,d,0
115,8,d,0
184,181,d,0
96,149,d,0
55,189,d,0
118,46,d,0
25,69,t,1
164,190,d,0
199,79,d,0
128,79,d,0
24,1,d,0
15,25,d,0
11,16,d,0
46,177,d,0
196,56,d,0
190,162,d,0
80,14,d,0
51,189,d,0
60,182,d,0
31,166,t,3
146,7,d,0
127,190,d,0
185,157,d,0
194,43,d,0
183,46,d,0
17,126,d,0
175,87,d,0
149,113,d,0
90,47,d,0
154,123,d,0
168,63,d,0
29,24,t,2
116,197,d,0
130,56,d,0
195,187,d,0
86,127,d,0
140,186,d,0
15,42,d,0
51,172,d,0
26,191,d,0
4,157,d,0
7,155,d,0
38,172,d,0
64,192,d,0
102,135,d,0
199,172,d,0
176,160,e,0
57,54,d,0
198,25,d,0
98,55,d,0
3,22,d,0
199,2,d,0
168,178,d,0
101,49,d,0
104,18,d,0
185,190,d,0
43,199,d,0
2,179,d,0
157,133,d,0
130,62,d,0
194,84,d,0
40,184,d,0
174,177,d,0
95,136,d,0
199,95,d,0
13,125,d,0
84,86,t,2
74,196,d,0
97,52,d,0
109,182,d,0
153,182,d,0
0,15,d,0
199,93,d,0
38,173,d,0
68,80,e,0
107,181,d,0
67,76,d,0
134,139,d,0
181,166,d,0
146,68,d,0
58,122,d,0
136,82,e,0
115,118,d,0
182,142,d,0
115,70,d,0
194,66,d,0
160,117,d,0
198,166,d,0
142,129,d,0
120,78,d,0
20,111,e,0
87,9,d,0
164,53,d,0
10,4,d,0
161,85,t,3
142,45,d,0
195,117,d,0
106,140,d,0
58,72,d,0
15,144,d,0
196,58,d,0
71,117,d,0
116,57,d,0
17,125,d,0
105,175,d,0
29,149,t,4
44,12,d,0
6,116,d,0
48,191,d,0
37,193,d,0
66,53,d,0
10,15,d,0
196,53,d,0
158,8,d,0
130,1,d,0
193,95,d,0
182,177,d,0
132,72,d,0
56,5,d,0
196,15,d,0
194,53,d,0
151,121,d,0
175,93,d,0
70,136,d,0
28,8,d,0
20,100,e,3
119,59,d,0
71,136,d,0
19,78,d,0
135,139,d,0
28,4,d,0
101,58,d,0
173,112,d,0
189,43,d,0
189,141,d,0
109,192,d,0
6,134,d,0
5,162,d,0
153,19,d,0
188,145,d,0
60,191,d,0
193,30,d,0
173,3,d,0
155,70,d,0
84,131,d,0
108,198,d,0
3,97,d,0
1,166,d,0
188,110,d,0
60,44,d,0
173,68,d,0
158,63,d,0
166,112,d,0
125,109,e,0
2,3,d,0
7,103,d,0
12,73,d,0
12,134,d,0
86,43,d,0
33,190,d,0
176,89,d,0
161,54,d,0
149,56,d,0
73,124,d,0
104,40,d,0
177,137,d,0
193,57,d,0
90,17,d,0
52,123,d,0
198,167,d,0
98,45,d,0
22,151,e,0
21,91,e,0
169,100,e,0
127,187,d,0
186,129,d,0
145,138,d,0
106,172,d,0
87,194,d,0
55,14,d,0
162,61,d,0
114,13,d,0
54,148,d,0
1,92,d,0
1,137,d,3
80,80,d,0
196,193,d,0
159,172,d,0
116,136,d,0
136,65,d,0
138,43,d,0
122,172,d,0
74,135,d,0
114,129,d,0
0,176,d,0
158,71,d,0
197,177,d,0
175,192,d,0
53,185,d,0
99,55,d,0
180,73,d,0
8,73,d,0
36,128,t,2
74,58,d,0
167,117,d,0
157,143,d,0
5,192,d,0
67,192,d,0
196,161,d,0
191,124,d,0
180,54,d,0
179,193,d,0
16,25,d,0
74,180,d,0
13,46,d,0
149,123,d,0
78,112,d,0
107,48,d,0
183,56,d,0
15,17,d,0
16,0,d,0
91,186,d,0
108,121,d,0
197,108,d,0
65,145,d,0
138,117,d,0
188,14,d,0
146,63,d,0
141,70,d,0
170,117,d,0
154,147,d,0
154,52,d,0
125,108,e,0
85,75,d,0
183,163,d,0
31,175,d,0
125,70,d,0
27,187,d,0
147,137,d,0
22,57,e,0
96,5,d,0
184,39,d,0
51,4,d,0
66,142,d,0
149,10,d,0
87,58,d,0
141,6,d,0
195,174,d,0
12,101,d,0
149,191,d,0
146,60,d,0
183,68,d,0
174,11,d,0
187,103,d,0
137,171,d,0
65,74,d,0
51,30,t,4
159,119,d,0
75,140,d,0
51,43,d,3
123,190,d,0
189,26,d,0
149,57,d,0
60,190,d,0
17,9,d,0
21,139,e,0
192,74,d,0
127,122,d,0
122,128,d,0
182,124,d,0
31,103,t,3
61,63,d,0
150,4,d,0
22,66,e,0
80,131,d,0
52,188,d,0
8,83,d,0
143,67,d,0
195,189,d,0
121,132,d,0
152,99,t,3
164,54,d,0
5,104,d,0
20,199,d,0
61,197,d,0
19,89,d,0
191,7,d,0
19,18,d,0
151,176,d,0
110,11,d,0
86,7,d,0
192,94,d,0
174,188,d,0
193,108,d,0
140,61,d,0
153,99,t,1
183,92,d,0
183,83,d,0
138,42,d,0
147,59,d,0
125,67,d,0
123,111,d,0
176,122,d,0
139,189,d,0
102,73,d,0
164,198,d,0
126,131,d,0
23,71,e,3
46,84,t,4
197,172,d,0
97,184,d,0
118,128,d,0
84,55,d,0
54,16,d,0
74,177,d,0
176,20,e,0
6,178,d,0
151,69,d,0
16,159,d,0
93,171,d,0
74,59,d,0
69,186,d,0
77,196,d,0
96,124,d,0
10,63,d,0
196,133,d,0
88,7,d,0
136,139,d,0
22,131,e,0
164,85,t,4
2,147,d,0
104,95,t,3
95,50,d,0
79,135,d,0
197,71,d,0
177,50,d,0
6,187,d,0
55,67,d,3
5,35,d,0
62,69,d,0
3,56,d,0
16,14,d,0
134,110,d,0
53,56,d,0
185,166,d,0
48,176,d,0
183,66,d,0
115,49,d,0
125,41,d,0
52,196,d,0
180,28,d,0
190,106,d,0
193,26,d,0
190,114,d,0
0,100,d,0
97,18,d,0
16,178,d,0
95,100,t,3
78,117,d,0
111,97,t,4
196,118,d,0
119,192,d,0
20,98,e,0
18,99,d,0
86,196,d,0
74,175,d,0
152,57,d,0
18,127,d,0
94,91,t,4
197,2,d,0
88,43,d,0
64,110,d,0
135,192,d,0
116,78,d,0
37,27,t,4
65,143,d,0
144,41,d,0
175,69,d,0
126,8,d,0
179,48,d,0
138,119,d,0
172,148,d,0
179,30,e,0
59,75,d,0
99,110,d,0
7,194,d,0
185,185,d,0
4,156,d,0
59,184,d,0
118,94,t,1
123,16,d,0
7,199,d,0
129,108,e,0
18,126,d,0
165,118,d,0
6,45,d,0
8,25,d,0
161,107,d,0
0,86,d,0
155,143,d,0
198,77,d,0
13,185,d,0
182,163,d,0
198,154,d,0
14,22,d,0
183,85,d,0
18,21,d,0
163,181,d,0
8,45,d,0
3,194,d,0
82,148,d,0
83,6,d,0
184,81,d,0
114,62,d,0
63,96,t,2
156,140,d,0
66,54,d,0
19,77,d,0
182,155,d,0
151,4,d,0
115,6,d,0
79,53,d,0
176,103,d,0
79,120,d,0
111,175,d,0
173,135,d,0
124,3,d,0
191,50,d,0
110,4,d,0
77,138,d,0
71,6,d,0
159,9,d,0
11,167,d,3
149,90,t,4
149,14,d,0
112,171,d,0
21,191,d,0
69,55,d,0
116,16,d,0
62,148,d,0
191,136,d,0
65,144,d,0
65,65,d,0
63,53,d,0
194,19,d,0
93,136,d,0
129,181,d,0
7,93,d,0
181,182,d,0
94,123,d,0
170,103,d,0
2,105,d,0
73,51,d,0
11,152,d,0
194,178,d,0
93,197,d,0
194,125,d,0
94,54,d,0
23,189,d,0
130,79,d,0
121,7,d,0
52,174,d,0
58,71,d,0
195,59,d,0
186,166,d,0
5,158,d,0
5,195,d,0
190,29,d,0
144,189,d,0
79,18,d,0
193,187,d,0
91,0,d,0
98,43,d,0
111,16,d,0
193,38,d,0
76,144,d,0
77,135,d,0
169,144,d,0
19,95,d,0
190,191,d,0
90,181,d,0
142,8,d,0
179,83,d,0
90,130,d,0
26,11,d,0
135,138,d,0
120,174,d,0
60,39,t,2
194,143,d,0
82,0,d,0
92,46,d,0
108,117,d,0
30,109,t,3
177,115,d,0
119,62,d,0
157,50,d,0
16,181,d,0
171,177,d,0
1,3,d,0
193,198,d,0
84,175,d,0
160,16,d,0
17,119,d,0
141,7,d,0
118,120,d,0
182,128,d,0
188,39,d,0
54,55,d,0
117,67,d,0
195,154,d,0
114,68,d,0
189,188,d,0
0,54,d,0
189,65,d,0
84,139,d,0
199,114,d,0
180,122,d,0
92,124,d,0
78,100,t,4
90,138,d,0
73,132,d,0
94,55,d,0
188,1,d,0
115,174,d,0
136,66,d,0
108,172,d,0
189,189,d,0
6,132,d,0
4,113,d,0
71,197,d,0
10,146,d,0
17,83,d,0
176,41,d,0
99,149,d,0
14,99,d,4
10,176,d,0
92,120,d,0
56,176,d,0
70,174,d,0
190,40,d,0
29,193,d,0
108,120,d,0
169,113,d,0
56,118,d,0
158,139,d,0
9,103,d,0
120,109,e,0
153,173,d,0
145,193,d,0
60,5,d,0
135,10,d,0
144,66,d,0
189,142,d,0
192,166,d,0
92,186,d,0
143,102,t,3
179,120,d,0
71,130,d,0
68,104,t,4
130,45,d,0
7,81,d,0
109,87,t,3
15,127,d,0
145,11,d,0
133,91,t,2
127,56,d,0
0,45,d,0
10,16,d,0
170,91,d,0
65,142,d,0
56,184,d,0
98,118,d,0
164,181,d,0
177,199,d,0
145,131,d,0
163,67,d,0
123,75,d,0
89,74,d,0
157,41,d,0
97,16,d,0
153,197,d,0
178,175,d,0
116,126,d,0
190,31,d,0
197,4,d,0
35,14,d,0
84,144,d,0
103,60,d,0
184,169,d,0
144,54,d,0
70,181,d,0
3,191,d,0
156,121,d,0
82,38,t,1
143,43,d,0
175,76,d,0
179,146,d,0
174,111,d,0
77,139,d,0
128,60,d,0
16,52,d,0
127,89,t,4
157,101,t,3
192,23,d,0
140,6,d,0
146,145,d,0
121,131,d,0
0,11,d,0
184,60,d,0
69,46,d,0
145,107,e,0
126,123,d,0
148,47,d,0
119,183,d,0
111,134,d,0
181,184,d,0
65,3,d,0
178,24,e,0
147,178,d,0
63,145,d,0
113,136,d,0
108,27,t,4
193,69,d,0
183,129,d,0
136,90,t,4
168,76,d,0
197,199,d,0
23,158,e,0
147,48,d,0
186,103,d,0
11,173,d,0
81,4,d,0
24,71,e,0
44,179,d,0
155,117,d,0
65,125,d,0
147,62,d,0
131,75,d,0
147,50,d,0
134,10,d,0
120,77,d,0
110,139,d,0
104,19,d,0
104,41,d,0
