0.0,0.0,0.0,0.0,0.0,0.0,0.0,0.0,0.0,0.0,0.0,0.0,0.0,0.0,0.0,0.0,0.0,0.0,0.0,0.0,0.0,0.0,0.0,0.0,0.0,0.0,0.0,0.0,0.0,0.0,0.0,0.0,0.0,0.0,0.0,0.0,0.0,0.0,0.0,0.0,0.0,0.0,0.0,0.0,0.0,0.0,0.0,0.0,0.0,0.0,0.0,0.0,0.0,0.0,0.0,0.0,0.0,0.0,0.0,0.0,0.0,0.0,0.0,0.0,0.0,0.0,0.0,0.0,0.0,0.0,0.0,0.0,0.0,0.0,0.0,0.0,0.0,0.0,0.0,0.0,0.0,0.0,0.0,0.0,0.0,0.0,0.0,0.0,0.0,0.0,0.0,0.0,0.0,0.0,0.0,0.0,0.0,0.0,0.0,0.0,
0.0,0.0,0.0,0.0,0.0,0.0,0.0,0.0,0.0,0.0,0.0,0.0,0.0,0.0,0.0,0.0,0.0,0.0,0.0,0.0,0.0,0.0,0.0,0.0,0.0,0.0,0.0,0.0,0.0,0.0,0.0,0.0,0.0,0.0,0.0,0.0,0.0,0.0,0.0,0.0,0.0,0.0,0.0,0.0,0.0,0.0,0.0,0.0,0.0,0.0,0.0,0.0,0.0,0.0,0.0,0.0,0.0,0.0,0.0,0.0,0.0,0.0,0.0,0.0,0.0,0.0,0.0,0.0,0.0,0.0,0.0,0.0,0.0,0.0,0.0,0.0,0.0,0.0,0.0,0.0,0.0,0.0,0.0,0.0,0.0,0.0,0.0,0.0,0.0,0.0,0.0,0.0,0.0,0.0,0.0,0.0,0.0,0.0,0.0,0.0,
0.0,0.0,0.0,0.0,0.0,0.0,0.0,0.0,0.0,0.0,0.0,0.0,0.0,0.0,0.0,0.0,0.0,0.0,0.0,0.0,0.0,0.0,0.0,0.0,0.0,0.0,0.0,0.0,0.0,0.0,0.0,0.0,0.0,0.0,0.0,0.0,0.0,0.0,0.0,0.0,0.0,0.0,0.0,0.0,0.0,0.0,0.0,0.0,0.0,0.0,0.0,0.0,0.0,0.0,0.0,0.0,0.0,0.0,0.0,0.0,0.0,0.0,0.0,0.0,0.0,0.0,0.0,0.0,0.0,0.0,0.0,0.0,0.0,0.0,0.0,0.0,0.0,0.0,0.0,0.0,0.0,0.0,0.0,0.0,0.0,0.0,0.0,0.0,0.0,0.0,0.0,0.0,0.0,0.0,0.0,0.0,0.0,0.0,0.0,0.0,
0.0,0.0,0.0,0.0,0.0,0.0,0.0,0.0,0.0,0.0,0.0,0.0,0.0,0.0,0.0,0.0,0.0,0.0,0.0,0.0,0.0,0.0,0.0,0.0,0.0,0.0,0.0,0.0,0.0,0.0,0.0,0.0,0.0,0.0,0.0,0.0,0.0,0.0,0.0,0.0,0.0,0.0,0.0,0.0,0.0,0.0,0.0,0.0,0.0,0.0,0.0,0.0,0.0,0.0,0.0,0.0,0.0,0.0,0.0,0.0,0.0,0.0,0.0,0.0,0.0,0.0,0.0,0.0,0.0,0.0,0.0,0.0,0.0,0.0,0.0,0.0,0.0,0.0,0.0,0.0,0.0,0.0,0.0,0.0,0.0,0.0,0.0,0.0,0.0,0.0,0.0,0.0,0.0,0.0,0.0,0.0,0.0,0.0,0.0,0.0,
0.0,0.0,0.0,0.0,0.0,0.0,0.0,0.0,0.0,0.0,0.0,0.0,0.0,0.0,0.0,0.0,0.0,0.0,0.0,0.0,0.0,0.0,0.0,0.0,0.0,0.0,0.0,0.0,0.0,0.0,0.0,0.0,0.0,0.0,0.0,0.0,0.0,0.0,0.0,0.0,0.0,0.0,0.0,0.0,0.0,0.0,0.0,0.0,0.0,0.0,0.0,0.0,0.0,0.0,0.0,0.0,0.0,0.0,0.0,0.0,0.0,0.0,0.0,0.0,0.0,0.0,0.0,0.0,0.0,0.0,0.0,0.0,0.0,0.0,0.0,0.0,0.0,0.0,0.0,0.0,0.0,0.0,0.0,0.0,0.0,0.0,0.0,0.0,0.0,0.0,0.0,0.0,0.0,0.0,0.0,0.0,0.0,0.0,0.0,0.0,
0.0,0.0,0.0,0.0,0.0,0.0,0.0,0.0,0.0,0.0,0.0,0.0,0.0,0.0,0.0,0.0,0.0,0.0,0.0,0.0,0.0,0.0,0.0,0.0,0.0,0.0,0.0,0.0,0.0,0.0,0.0,0.0,0.0,0.0,0.0,0.0,0.0,0.0,0.0,0.0,0.0,0.0,0.0,0.0,0.0,0.0,0.0,0.0,0.0,0.0,0.0,0.0,0.0,0.0,0.0,0.0,0.0,0.0,0.0,0.0,0.0,0.0,0.0,0.0,0.0,0.0,0.0,0.0,0.0,0.0,0.0,0.0,0.0,0.0,0.0,0.0,0.0,0.0,0.0,0.0,0.0,0.0,0.0,0.0,0.0,0.0,0.0,0.0,0.0,0.0,0.0,0.0,0.0,0.0,0.0,0.0,0.0,0.0,0.0,0.0,
0.0,0.0,0.0,0.0,0.0,0.0,0.0,0.0,0.0,0.0,0.0,0.0,0.0,0.0,0.0,0.0,0.0,0.0,0.0,0.0,0.0,0.0,0.0,0.0,0.0,0.0,0.0,0.0,0.0,0.0,0.0,0.0,0.0,0.0,0.0,0.0,0.0,0.0,0.0,0.0,0.0,0.0,0.0,0.0,0.0,0.0,0.0,0.0,0.0,0.0,0.0,0.0,0.0,0.0,0.0,0.0,0.0,0.0,0.0,0.0,0.0,0.0,0.0,0.0,0.0,0.0,0.0,0.0,0.0,0.0,0.0,0.0,0.0,0.0,0.0,0.0,0.0,0.0,0.0,0.0,0.0,0.0,0.0,0.0,0.0,0.0,0.0,0.0,0.0,0.0,0.0,0.0,0.0,0.0,0.0,0.0,0.0,0.0,0.0,0.0,
0.0,0.0,0.0,0.0,0.0,0.0,0.0,0.0,0.0,0.0,0.0,0.0,0.0,0.0,0.0,0.0,0.0,0.0,0.0,0.0,0.0,0.0,0.0,0.0,0.0,0.0,0.0,0.0,0.0,0.0,0.0,0.0,0.0,0.0,0.0,0.0,0.0,0.0,0.0,0.0,0.0,0.0,0.0,0.0,0.0,0.0,0.0,0.0,0.0,0.0,0.0,0.0,0.0,0.0,0.0,0.0,0.0,0.0,0.0,0.0,0.0,0.0,0.0,0.0,0.0,0.0,0.0,0.0,0.0,0.0,0.0,0.0,0.0,0.0,0.0,0.0,0.0,0.0,0.0,0.0,0.0,0.0,0.0,0.0,0.0,0.0,0.0,0.0,0.0,0.0,0.0,0.0,0.0,0.0,0.0,0.0,0.0,0.0,0.0,0.0,
0.0,0.0,0.0,0.0,0.0,0.0,0.0,0.0,0.0,0.0,0.0,0.0,0.0,0.0,0.0,0.0,0.0,0.0,0.0,0.0,0.0,0.0,0.0,0.0,0.0,0.0,0.0,0.0,0.0,0.0,0.0,0.0,0.0,0.0,0.0,0.0,0.0,0.0,0.0,0.0,0.0,0.0,0.0,0.0,0.0,0.0,0.0,0.0,0.0,0.0,0.0,0.0,0.0,0.0,0.0,0.0,0.0,0.0,0.0,0.0,0.0,0.0,0.0,0.0,0.0,0.0,0.0,0.0,0.0,0.0,0.0,0.0,0.0,0.0,0.0,0.0,0.0,0.0,0.0,0.0,0.0,0.0,0.0,0.0,0.0,0.0,0.0,0.0,0.0,0.0,0.0,0.0,0.0,0.0,0.0,0.0,0.0,0.0,0.0,0.0,
0.0,0.0,0.0,0.0,0.0,0.0,0.0,0.0,0.0,0.0,0.0,0.0,0.0,0.0,0.0,0.0,0.0,0.0,0.0,0.0,0.0,0.0,0.0,0.0,0.0,0.0,0.0,0.0,0.0,0.0,0.0,0.0,0.0,0.0,0.0,0.0,0.0,0.0,0.0,0.0,0.0,0.0,0.0,0.0,0.0,0.0,0.0,0.0,0.0,0.0,0.0,0.0,0.0,0.0,0.0,0.0,0.0,0.0,0.0,0.0,0.0,0.0,0.0,0.0,0.0,0.0,0.0,0.0,0.0,0.0,0.0,0.0,0.0,0.0,0.0,0.0,0.0,0.0,0.0,0.0,0.0,0.0,0.0,0.0,0.0,0.0,0.0,0.0,0.0,0.0,0.0,0.0,0.0,0.0,0.0,0.0,0.0,0.0,0.0,0.0,
0.0,0.0,0.0,0.0,0.0,0.0,0.0,0.0,0.0,0.0,0.0,0.0,0.0,0.0,0.0,0.0,0.0,0.0,0.0,0.0,0.0,0.0,0.0,0.0,0.0,0.0,0.0,0.0,0.0,0.0,0.0,0.0,0.0,0.0,0.0,0.0,0.0,0.0,0.0,0.0,0.0,0.0,0.0,0.0,0.0,0.0,0.0,0.0,0.0,0.0,0.0,0.0,0.0,0.0,0.0,0.0,0.0,0.0,0.0,0.0,0.0,0.0,0.0,0.0,0.0,0.0,0.0,0.0,0.0,0.0,0.0,0.0,0.0,0.0,0.0,0.0,0.0,0.0,0.0,0.0,0.0,0.0,0.0,0.0,0.0,0.0,0.0,0.0,0.0,0.0,0.0,0.0,0.0,0.0,0.0,0.0,0.0,0.0,0.0,0.0,
0.0,0.0,0.0,0.0,0.0,0.0,0.0,0.0,0.0,0.0,0.0,0.0,0.0,0.0,0.0,0.0,0.0,0.0,0.0,0.0,0.0,0.0,0.0,0.0,0.0,0.0,0.0,0.0,0.0,0.0,0.0,0.0,0.0,0.0,0.0,0.0,0.0,0.0,0.0,0.0,0.0,0.0,0.0,0.0,0.0,0.0,0.0,0.0,0.0,0.0,0.0,0.0,0.0,0.0,0.0,0.0,0.0,0.0,0.0,0.0,0.0,0.0,0.0,0.0,0.0,0.0,0.0,0.0,0.0,0.0,0.0,0.0,0.0,0.0,0.0,0.0,0.0,0.0,0.0,0.0,0.0,0.0,0.0,0.0,0.0,0.0,0.0,0.0,0.0,0.0,0.0,0.0,0.0,0.0,0.0,0.0,0.0,0.0,0.0,0.0,
0.0,0.0,0.0,0.0,0.0,0.0,0.0,0.0,0.0,0.0,0.0,0.0,0.0,0.0,0.0,0.0,0.0,0.0,0.0,0.0,0.0,0.0,0.0,0.0,0.0,0.0,0.0,0.0,0.0,0.0,0.0,0.0,0.0,0.0,0.0,0.0,0.0,0.0,0.0,0.0,0.0,0.0,0.0,0.0,0.0,0.0,0.0,0.0,0.0,0.0,0.0,0.0,0.0,0.0,0.0,0.0,0.0,0.0,0.0,0.0,0.0,0.0,0.0,0.0,0.0,0.0,0.0,0.0,0.0,0.0,0.0,0.0,0.0,0.0,0.0,0.0,0.0,0.0,0.0,0.0,0.0,0.0,0.0,0.0,0.0,0.0,0.0,0.0,0.0,0.0,0.0,0.0,0.0,0.0,0.0,0.0,0.0,0.0,0.0,0.0,
0.0,0.0,0.0,0.0,0.0,0.0,0.0,0.0,0.0,0.0,0.0,0.0,0.0,0.0,0.0,0.0,0.0,0.0,0.0,0.0,0.0,0.0,0.0,0.0,0.0,0.0,0.0,0.0,0.0,0.0,0.0,0.0,0.0,0.0,0.0,0.0,0.0,0.0,0.0,0.0,0.0,0.0,0.0,0.0,0.0,0.0,0.0,0.0,0.0,0.0,0.0,0.0,0.0,0.0,0.0,0.0,0.0,0.0,0.0,0.0,0.0,0.0,0.0,0.0,0.0,0.0,0.0,0.0,0.0,0.0,0.0,0.0,0.0,0.0,0.0,0.0,0.0,0.0,0.0,0.0,0.0,0.0,0.0,0.0,0.0,0.0,0.0,0.0,0.0,0.0,0.0,0.0,0.0,0.0,0.0,0.0,0.0,0.0,0.0,0.0,
0.0,0.0,0.0,0.0,0.0,0.0,0.0,0.0,0.0,0.0,0.0,0.0,0.0,0.0,0.0,0.0,0.0,0.0,0.0,0.0,0.0,0.0,0.0,0.0,0.0,0.0,0.0,0.0,0.0,0.0,0.0,0.0,0.0,0.0,0.0,0.0,0.0,0.0,0.0,0.0,0.0,0.0,0.0,0.0,0.0,0.0,0.0,0.0,0.0,0.0,0.0,0.0,0.0,0.0,0.0,0.0,0.0,0.0,0.0,0.0,0.0,0.0,0.0,0.0,0.0,0.0,0.0,0.0,0.0,0.0,0.0,0.0,0.0,0.0,0.0,0.0,0.0,0.0,0.0,0.0,0.0,0.0,0.0,0.0,0.0,0.0,0.0,0.0,0.0,0.0,0.0,0.0,0.0,0.0,0.0,0.0,0.0,0.0,0.0,0.0,
0.0,0.0,0.0,0.0,0.0,0.0,0.0,0.0,0.0,0.0,0.0,0.0,0.0,3.3352147072850133,5.5845094518168565,3.5235417889345415,4.371078415383006,5.737530173776477,6.055608805016499,6.767942342118407,6.57557447468078,5.111823142749688,5.50082745917391,6.511362787247693,5.899427621037404,2.0484423790587196,2.2322234762762614,2.225088138407671,6.31013342304478,5.8934375527357705,7.750433840384785,6.79371168691034,6.695347111407601,5.36267712614757,5.990230904314692,5.7020932286935695,8.29309121945737,7.94970408812242,8.116889095132471,10.02754449209386,8.597449328944494,8.199427781689137,6.7497223143257346,6.026371738202762,5.218993179108668,7.954662648985422,5.576849332695907,6.261303007646638,6.148422172857577,4.262056231061964,4.4284569855292695,5.446731399257963,5.775620599291112,6.1532372202237,8.633831449066912,12.462037818964887,9.709865898899542,9.869964829785388,10.80153827244009,10.761784934193807,11.195093317508503,13.19859279605323,9.649793519621591,11.486650116609713,11.546682084224571,11.74598888994931,10.183214448269101,7.221886845476553,10.810766057392966,11.118755499351584,9.58904489977107,13.94036085054822,14.126549806900268,15.128547579652396,9.77549106109329,11.109293494495526,11.68291343653673,8.152698816383264,9.880907791402826,12.346451698392467,10.330722633124838,13.657126613013675,11.352726622153464,13.813636654496568,15.075585533325286,8.983159188907106,18.88161209342416,13.683360172085221,0.0,0.0,0.0,0.0,0.0,0.0,0.0,0.0,0.0,0.0,0.0,0.0,
0.0,0.0,0.0,0.0,0.0,0.0,0.0,0.0,0.0,0.0,0.0,0.0,0.0,4.307196564942981,4.854473360458194,3.20961322327629,4.77463754900978,5.400932127961325,4.60582973823165,4.554642908142481,8.865294766154223,6.095848485942546,4.952411675288401,3.9438534260429927,2.594711083408984,6.730329384761496,2.7504757489931015,6.95126289566015,7.201466693839529,5.6854070419171086,9.701858933296549,6.651670856562063,4.98530243182358,12.324993614435105,6.135945064624413,6.359706057903533,5.837655431261043,7.869316563317751,7.797634819079511,7.889549818011227,7.33831827970869,6.631497443493555,11.35339034369929,6.108633638874858,9.33555677007894,7.52345427351441,8.17614071229156,4.332819425778491,4.288458859412279,5.125921866646307,4.419308728988198,5.73544765482547,7.281359791679904,8.929161318490998,12.00237609251674,13.785414526876385,11.354098640053346,10.896326623503898,7.676879060549841,10.66301556685942,10.309068546771593,9.72964446962487,15.036097565095957,13.433666398784428,11.871025333748436,11.022392082778216,8.357473357310152,8.920611100981011,14.641957561529491,7.733971147326179,11.824089783986155,11.754102341855903,12.018239985840877,19.025272221249608,10.916692273342793,10.299905425701693,14.370681939075492,13.323849226950177,12.419488879828933,12.09732256359442,10.392803868627324,11.60945134386407,11.326135465588422,14.755867251052988,12.605383829301797,12.455697908928368,16.47887014703211,17.71431374444233,0.0,0.0,0.0,0.0,0.0,0.0,0.0,0.0,0.0,0.0,0.0,0.0,
0.0,0.0,0.0,0.0,0.0,0.0,0.0,0.0,0.0,0.0,0.0,0.0,0.0,3.335756615821796,5.114187567968628,4.471711066196228,3.215151860055856,4.741637506674988,4.900612568523206,5.671455986538032,10.106624483096747,7.7339930163570045,7.174113835882582,3.884289857027415,2.527858275966021,9.792144451723964,6.799980252318732,6.453358430801535,8.166513717105962,6.138180754143128,11.991114659464222,7.400401337236847,7.830653311693388,8.352801909961629,7.348336732259362,6.171944527407743,4.160390586943521,3.868264598172871,9.14552184777748,7.511658114090981,5.005212206047358,5.336044697026652,11.380618786707805,5.577894645579757,8.83089444811276,7.0660161202279985,5.616397040006512,5.360908272595323,7.653638227673925,8.689996245465672,5.620349657918505,4.796394483682312,7.906314136273381,8.259027419395542,10.199265729580809,10.305946841422678,12.112880660184462,12.082625562627424,12.83579846359399,6.532913951360318,7.843466169975644,11.898149364793227,12.693712539808175,12.652933757246295,13.42891333442629,14.796716278369605,15.11780959905676,12.25564641959361,13.544083258084028,13.441916307464702,10.372639219763487,19.407891412984036,18.27599600902594,17.101817950185534,13.5082238818498,11.14712998752852,11.453908959374518,15.388355093483822,16.933957982461713,16.256238190080992,13.694850117626498,12.991985691262329,10.098737831747544,14.73754969153111,15.299915676066263,8.29401731052926,15.19981540051344,11.838764906932296,0.0,0.0,0.0,0.0,0.0,0.0,0.0,0.0,0.0,0.0,0.0,0.0,
0.0,0.0,0.0,0.0,0.0,0.0,0.0,0.0,0.0,0.0,0.0,0.0,0.0,3.6324009564493593,3.4449721998018443,5.5390911299581935,5.90447612309014,7.509951045357665,8.252529691462883,5.79709504352886,7.7192561602755605,4.024651520898044,6.8444391807545,6.708987731001298,3.3643763693178736,10.195999252708615,13.259011320467632,8.538822832820063,8.209285728093432,5.316978063298892,11.664994726984151,8.689566517392699,8.245521307205983,12.093819604048301,14.57010018950413,4.740074500030851,4.9571700291812695,10.884793224774732,9.554058716243299,8.48698457212957,7.520419199418488,6.487404036903095,11.570211830913728,10.696404743625829,5.676576343811393,4.96079126232172,5.071178498499722,7.729218356755523,9.99733454428938,8.417155394307589,7.100163978733644,7.5261747670864825,10.172712894085961,9.259864042472861,10.484361949155073,9.659506568718722,15.903974396331627,13.545503920942297,10.901131277719504,15.205711351341348,8.719448450678692,7.464604705121466,9.227527537457448,12.682297209794898,10.152269903905893,10.332637506842778,10.311827449226172,18.109854295925924,13.120187945538422,16.107029153468822,11.025193713661748,13.31818244628432,14.960523862234837,12.672130363963293,12.088878571761715,6.163202364878362,8.758506508204402,15.817452522433332,18.83263982317377,17.532654559799948,20.157414554245776,17.770576647151877,19.75134132327089,20.928725421541213,12.045921764248263,14.11091361708765,17.182212882152154,11.190870414253911,0.0,0.0,0.0,0.0,0.0,0.0,0.0,0.0,0.0,0.0,0.0,0.0,
0.0,0.0,0.0,0.0,0.0,0.0,0.0,0.0,0.0,0.0,0.0,0.0,0.0,3.494943705264064,6.142392630450628,4.59615617206956,4.257177231949412,5.920940601703153,4.476454341797682,4.836511582892297,7.269295811821527,8.326670626262072,4.805162913864532,5.852182359101365,4.784687428653662,4.779230465233332,5.507878098637969,8.861030555297496,8.250738463632551,7.079414708631961,9.385756013077442,9.072039948896089,6.757676632136052,8.611510811962557,10.719452768305246,6.033889749317211,9.162052639082313,8.207712252631891,12.212265176050918,7.438408399419303,13.665066638001765,12.134408587178418,6.553056729095901,6.804217259594109,6.635252836614999,6.531291140827729,4.407201719666318,7.2706374131370675,7.434459181529737,6.89708618106284,7.010786163105813,9.025456645032218,10.690374714228877,9.441620035751363,11.943856941529345,9.888506731081371,10.094690332137917,6.191077403708598,10.432961566338193,12.470443093296941,8.185720527350433,7.542391852311799,6.911755669085917,5.703489577455962,7.860280612497454,6.719598453356264,12.615851842832248,11.23861876615832,13.737253120135644,12.608775722671641,20.554023305858337,16.617181154587186,13.650422556300601,7.020654455891046,4.139654798238573,7.017505324151588,16.13130245943805,17.69751513441166,18.687795187188605,18.953564216202583,23.453097354566758,22.05341049927957,13.745157670993539,15.212203618818215,23.003960620016475,12.636688937726706,9.147536620332152,10.686526131356354,0.0,0.0,0.0,0.0,0.0,0.0,0.0,0.0,0.0,0.0,0.0,0.0,
0.0,0.0,0.0,0.0,0.0,0.0,0.0,0.0,0.0,0.0,0.0,0.0,0.0,3.218059046000747,4.349170255909061,4.545937695238128,4.727703007517179,4.977229085846409,6.174631637191092,4.334630982122621,3.708826082025519,6.968289816534943,5.947568616175573,8.221845647754613,3.9689851455808665,5.718443865291701,7.43371786662951,9.407612987713794,10.039498042412092,11.072281311128991,11.262932165752883,5.894587521814275,6.6855513947782175,10.94551119983196,5.620384963591888,5.7293922914447935,4.916708894301706,8.498664163021267,11.95466562461204,7.656356522173076,13.756744666990041,7.990248823917816,6.833960116490003,7.726747892155712,3.3349826944671035,8.534532272947965,4.309343090991947,7.127883520054503,7.633804145640615,7.430752276435506,7.389421967973564,11.459463421417814,6.97525879071444,7.686248017228699,6.925085972481194,8.313366450036142,6.756677823748742,7.406549661477878,9.141670243865457,13.00772266104283,12.122078550730876,9.74573013128575,8.068415680694272,9.7683421636615,9.172563894948338,7.936058476476346,10.788711195954566,6.9049702903350285,14.70497432436144,11.867829505372383,11.628424670917836,11.09765129807278,9.019264465497677,7.730139153552514,7.381245104850809,5.7157905995815135,7.0052295076386395,12.71028388134717,15.791200754382254,23.58519855495705,18.755711709296797,21.929188015938223,15.738172991365934,16.661485101588692,18.82656112768003,18.95542547038153,18.082838518303312,9.142161430451196,0.0,0.0,0.0,0.0,0.0,0.0,0.0,0.0,0.0,0.0,0.0,0.0,
0.0,0.0,0.0,0.0,0.0,0.0,0.0,0.0,0.0,0.0,0.0,0.0,0.0,4.5545654547712795,7.150376379161039,4.7211098424217885,7.548028217559059,3.7442901147501524,7.290952946214821,6.649282006398338,4.560043027656926,4.971372820215591,3.786954997220801,4.567121567602456,4.424199111268184,4.776536051072586,6.107849123854698,5.344812716873446,7.069158709743322,8.276818877612646,10.140931084894161,10.61325865568412,9.242105056958087,8.422665568444751,11.708421748841065,9.028773383127392,10.556536153065213,10.107743060094387,5.978233147023252,8.440190656747324,7.32982155262417,3.5448131083266885,8.055398739149338,8.935632842510492,8.898300318181047,8.177868797957695,7.802848570932108,8.252559872701518,7.401053076682119,7.535365866491372,6.777678981222445,10.214843499303639,7.313196071310789,12.677401126024098,8.523802508713384,8.395329275486041,8.034778979765377,8.562834478405227,9.9061399262048,9.7584902746132,10.321984202779428,8.680002603752213,11.692361529053995,10.750055935003893,18.662834376262172,8.286479649874043,14.061650905491375,9.526738960418761,10.357233585650345,19.839261904391083,14.593752070390131,7.388519053104116,8.30269243483299,8.19961692869225,9.265211833993366,8.382197099982923,8.270221907686668,9.078347466849815,24.38188757666011,22.028561784600235,22.949681774324535,22.3631397275796,24.837090661942412,22.24274895079207,16.96060760495696,20.07951307516042,12.020380111123904,9.751794877250925,0.0,0.0,0.0,0.0,0.0,0.0,0.0,0.0,0.0,0.0,0.0,0.0,
0.0,0.0,0.0,0.0,0.0,0.0,0.0,0.0,0.0,0.0,0.0,0.0,0.0,4.841559642245608,6.554428484579331,6.833518267592813,5.115992292140833,7.074351223764342,6.616591915119816,5.199032215154713,4.907726522617246,3.942490967375136,2.907637716986133,2.9252034948677577,4.1402353769148705,3.4603594372340374,2.958668468204075,3.533790193048135,2.804524736873445,8.119481460686051,6.122022268361445,6.289456862951158,6.488621426837806,11.01760624315813,9.631152955476743,6.4650265706382655,5.379671874855412,5.060800650156695,4.53783328619507,8.529749036345919,7.083633514328063,3.791631702333278,8.645687510694035,6.629647721630623,3.6294227861209207,4.499524795488114,7.656999387831315,7.061374445089029,5.913948066502093,6.603362929096702,5.8487636131894405,9.09187001806409,9.76443550838227,11.403659137988196,10.026820150428328,7.316305771868466,8.286145855687698,8.70526664271058,10.103561558741776,11.111144229120816,9.740728611757781,12.666528326587294,16.49976172964659,15.393062859090417,10.063885708958349,10.043767714589015,12.847506347616857,8.640352382318417,12.215223021693301,13.875200221157112,12.909326555909562,17.72139702827581,10.43773674176344,12.398872491242386,11.365319618367522,10.937699006792807,8.247575469849252,19.463143837045585,14.621394375290873,14.18005663878785,16.458516666129558,14.78426839465767,13.82970833576313,14.648155613061522,15.683629484055988,17.624091143000364,17.397734379003165,10.466720790319336,0.0,0.0,0.0,0.0,0.0,0.0,0.0,0.0,0.0,0.0,0.0,0.0,
0.0,0.0,0.0,0.0,0.0,0.0,0.0,0.0,0.0,0.0,0.0,0.0,0.0,4.704333302750787,5.700566343355986,5.740740927490266,4.786957100115689,7.7126618000853355,3.5030081998875584,3.138564184407446,3.3908757187934104,3.6790680764197585,3.62176568478898,3.275806476794425,2.6413350442907717,3.0295683566328937,2.2972943037260505,2.848292332526051,4.789376774689823,4.604860459489822,4.540889533790725,5.4710389491775935,6.393599054259834,7.02703205450957,7.330064941000742,7.866064941000742,5.790117462135779,5.05280480394813,5.097735187169212,7.209589634652764,6.496116852853223,5.585844521721685,4.678195075518259,5.366088710669663,3.946204958837819,5.770428635423095,5.606343567593275,6.860062853978553,10.38685725941783,7.711798108780754,9.281746814715785,10.660229153243819,8.907033306729208,10.529257690950354,7.632667414877966,8.344933054342508,10.747063398196312,8.987286874281493,11.412231770520851,13.335101304254476,11.486688426442123,15.018368837391538,11.672563693287717,12.161819660707986,15.275138714115457,15.80775245065735,12.258331767531,8.225515915201996,10.264058186207679,10.453067569377762,12.238782951537829,9.499042441032788,11.606790648109666,12.841820224036374,12.756465021833705,12.965058337520881,8.468609142162002,13.696996832748244,13.709959086643646,15.687414275899997,11.505133710142724,14.446773585329684,13.970627716504515,23.339897640620773,20.834669545803465,19.27176665308896,15.269307569640798,12.651185618590729,0.0,0.0,0.0,0.0,0.0,0.0,0.0,0.0,0.0,0.0,0.0,0.0,
0.0,0.0,0.0,0.0,0.0,0.0,0.0,0.0,0.0,0.0,0.0,0.0,0.0,4.629887680769645,7.7648731559906325,4.386419648916654,4.068523221550345,2.6223218271160786,5.171883909103426,3.410159666535797,5.01129137220873,3.8141804692670314,3.7098714011662337,3.483791689424994,3.5038538962560852,3.4480704951728605,2.4389058829222785,2.8969229943622783,2.782131738362279,3.0372234183622777,3.493203622702878,1.1736241897780781,3.4249047215839963,8.559630339730036,8.289742213070102,4.630440303456329,5.1286821548761985,6.865421619235724,4.091005885327741,5.4638798361604195,4.92047419826481,3.6693168088252213,3.985820816889215,3.5051903177227652,3.742513488483153,3.619678053552416,6.070888745523784,7.0446384911521385,7.9003697956514305,9.131228235647187,8.066615194662136,8.925766130399651,6.844346078117808,8.036256056610231,8.434408892211113,6.94931162074879,7.172466365331498,6.773256690784449,9.464306255367015,8.272140416808885,12.306094612570105,13.616321990105934,8.966358384702438,11.114914309887101,14.585612831805886,13.213332809910469,11.399675278647484,12.907105303432663,9.12180205695126,9.430696971460382,12.236231372794222,13.271773921868268,13.493697116884137,7.8164825677735115,12.584292425912526,9.534756471812642,9.673297234243673,12.303227395844534,13.32314469543863,7.430755628576621,11.279357088746842,10.648693988571942,13.180890539337511,12.940574281564691,11.903972656724351,17.497173977117818,14.057353637964354,10.979400235202656,0.0,0.0,0.0,0.0,0.0,0.0,0.0,0.0,0.0,0.0,0.0,0.0,
0.0,0.0,0.0,0.0,0.0,0.0,0.0,0.0,0.0,0.0,0.0,0.0,0.0,4.054514943875364,5.291209101772233,3.748266725048264,6.917843842291266,3.187939147528756,6.5945308113297125,5.762378347089021,3.289276719409469,3.2981980462181486,3.75401716268711,4.970073697661462,2.8457228012534856,3.895103071429198,4.447968009825597,2.5080271716830373,3.4827608244830373,2.2409518870691976,4.563609690648884,4.8636210322007996,4.374183971017367,6.293091347855667,6.887782213070101,5.3245274040422546,3.2759072256534294,6.347276143075076,0.0,0.0,0.0,0.0,0.0,0.0,0.0,0.0,0.0,0.0,0.0,0.0,0.0,0.0,0.0,0.0,0.0,0.0,0.0,0.0,0.0,0.0,0.0,0.0,0.0,0.0,0.0,0.0,0.0,0.0,0.0,0.0,0.0,0.0,0.0,0.0,0.0,0.0,0.0,0.0,0.0,0.0,0.0,0.0,0.0,0.0,0.0,0.0,0.0,0.0,0.0,0.0,0.0,0.0,0.0,0.0,0.0,0.0,0.0,0.0,0.0,0.0,
0.0,0.0,0.0,0.0,0.0,0.0,0.0,0.0,0.0,0.0,0.0,0.0,0.0,3.8205381355939654,6.032310394484473,4.129989048892372,7.246437207727389,3.4340864709514447,3.463372936190596,3.351721079390304,3.222423961681168,3.7684520824343917,2.410401559270926,5.06693483784453,2.060625555261116,3.6073028283531805,4.508275729903996,3.479913895183997,3.3448542494255964,2.5135661411879973,2.2555386543893317,4.076828256240001,8.86307038261042,5.740436461470031,4.67536646043259,2.8459003292609912,3.0773390494907544,2.8101955369543172,0.0,0.0,0.0,0.0,0.0,0.0,0.0,0.0,0.0,0.0,0.0,0.0,0.0,0.0,0.0,0.0,0.0,0.0,0.0,0.0,0.0,0.0,0.0,0.0,0.0,0.0,0.0,0.0,0.0,0.0,0.0,0.0,0.0,0.0,0.0,0.0,0.0,0.0,0.0,0.0,0.0,0.0,0.0,0.0,0.0,0.0,0.0,0.0,0.0,0.0,0.0,0.0,0.0,0.0,0.0,0.0,0.0,0.0,0.0,0.0,0.0,0.0,
0.0,0.0,0.0,0.0,0.0,0.0,0.0,0.0,0.0,0.0,0.0,0.0,0.0,7.084840058084616,5.20151311434566,4.7699464156118925,6.320342211948196,3.6864994033672143,3.2981043436476845,3.09842348568671,3.18013095011172,4.199270620699586,2.8887169366201744,4.513084161617721,3.177495543620909,2.461391320865179,5.275740551880885,4.170036331780738,5.170890031540738,5.266242608000001,4.921868840000001,5.249809173600001,3.6,5.804193907488001,4.546851622702878,0.958137864951998,0.8623240784567983,0.7760916706111185,0.0,0.0,0.0,0.0,0.0,0.0,0.0,0.0,0.0,0.0,0.0,0.0,0.0,0.0,0.0,0.0,0.0,0.0,0.0,0.0,0.0,0.0,0.0,0.0,0.0,0.0,0.0,0.0,0.0,0.0,0.0,0.0,0.0,0.0,0.0,0.0,0.0,0.0,0.0,0.0,0.0,0.0,0.0,0.0,0.0,0.0,0.0,0.0,0.0,0.0,0.0,0.0,0.0,0.0,0.0,0.0,0.0,0.0,0.0,0.0,0.0,0.0,
0.0,0.0,0.0,0.0,0.0,0.0,0.0,0.0,0.0,0.0,0.0,0.0,0.0,5.266502794317012,6.049798099744453,6.119383318217274,8.516901191681823,7.617111633436385,7.027518433326074,2.794631943845583,3.2651615101117195,3.5525187226579877,3.983605710473912,5.792012867584873,6.252555513232391,5.694258113514386,5.605169932672197,3.5138496906488843,3.1031680755407374,4.921868840000001,4.921868840000001,1.859618347200001,1.3947137604000006,5.004193907488,4.515071698198441,0.7546612365244422,3.6941387170271582,2.6118872583696007,0.0,0.0,0.0,0.0,0.0,0.0,0.0,0.0,0.0,0.0,0.0,0.0,0.0,0.0,0.0,0.0,0.0,0.0,0.0,0.0,0.0,0.0,0.0,0.0,0.0,0.0,0.0,0.0,0.0,0.0,0.0,0.0,0.0,0.0,0.0,0.0,0.0,0.0,0.0,0.0,0.0,0.0,0.0,0.0,0.0,0.0,0.0,0.0,0.0,0.0,0.0,0.0,0.0,0.0,0.0,0.0,0.0,0.0,0.0,0.0,0.0,0.0,
0.0,0.0,0.0,0.0,0.0,0.0,0.0,0.0,0.0,0.0,0.0,0.0,0.0,6.361595780776382,4.7151237067793845,4.8491393963026885,6.848034088758539,4.292896810549008,5.191157690524369,4.015598676844855,3.2867738005333282,4.449053594855995,3.919727820247593,3.3473322720098957,6.677272453154073,5.064114717117505,5.352114717117505,3.485790339730036,2.3594628227028775,2.844868138919065,2.3198861325326403,1.3947137604000006,1.2552423843600007,0.6778308875544005,3.8100477987989607,0.6887475360000004,3.148666199279377,1.7026985325326403,0.0,0.0,0.0,0.0,0.0,0.0,0.0,0.0,0.0,0.0,0.0,0.0,0.0,0.0,0.0,0.0,0.0,0.0,0.0,0.0,0.0,0.0,0.0,0.0,0.0,0.0,0.0,0.0,0.0,0.0,0.0,0.0,0.0,0.0,0.0,0.0,0.0,0.0,0.0,0.0,0.0,0.0,0.0,0.0,0.0,0.0,0.0,0.0,0.0,0.0,0.0,0.0,0.0,0.0,0.0,0.0,0.0,0.0,0.0,0.0,0.0,0.0,
0.0,0.0,0.0,0.0,0.0,0.0,0.0,0.0,0.0,0.0,0.0,0.0,0.0,2.621427713003376,5.147513189235166,5.450201076820068,5.498149097593733,7.012684615112188,7.068160875824128,5.104068951467535,4.618462878528374,4.307444059687997,3.523071226789833,2.461136169621273,7.600119396487228,7.247129056757194,4.460095597597921,3.1052617751088016,2.829882384360001,2.421369907488001,2.5776512583696003,2.1695547384000013,0.5490430189190644,0.6100477987989604,3.8100477987989607,0.9037745167392004,1.305980033958156,1.2003129266201733,0.0,0.0,0.0,0.0,0.0,0.0,0.0,0.0,0.0,0.0,0.0,0.0,0.0,0.0,0.0,0.0,0.0,0.0,0.0,0.0,0.0,0.0,0.0,0.0,0.0,0.0,0.0,0.0,0.0,0.0,0.0,0.0,0.0,0.0,0.0,0.0,0.0,0.0,0.0,0.0,0.0,0.0,0.0,0.0,0.0,0.0,0.0,0.0,0.0,0.0,0.0,0.0,0.0,0.0,0.0,0.0,0.0,0.0,0.0,0.0,0.0,0.0,
0.0,0.0,0.0,0.0,0.0,0.0,0.0,0.0,0.0,0.0,0.0,0.0,0.0,8.169577806233727,10.62855705232732,5.676777076025094,4.916712830770634,5.913980597799475,7.30933260884924,5.040862245760783,3.6043727431511927,2.405748162587037,2.3933530808658325,4.795320121411106,3.726314130130562,8.342565138450562,5.901605404293602,2.9558535843600016,3.005339008320001,3.740171008320001,4.155745564800001,1.7218688400000006,2.8614769796396886,2.4551898113514388,0.8368282562400005,0.7531454306160005,1.4446454705623406,1.08744102957797,0.0,0.0,0.0,0.0,0.0,0.0,0.0,0.0,0.0,0.0,0.0,0.0,0.0,0.0,0.0,0.0,0.0,0.0,0.0,0.0,0.0,0.0,0.0,0.0,0.0,0.0,0.0,0.0,0.0,0.0,0.0,0.0,0.0,0.0,0.0,0.0,0.0,0.0,0.0,0.0,0.0,0.0,0.0,0.0,0.0,0.0,0.0,0.0,0.0,0.0,0.0,0.0,0.0,0.0,0.0,0.0,0.0,0.0,0.0,0.0,0.0,0.0,
0.0,0.0,0.0,0.0,0.0,0.0,0.0,0.0,0.0,0.0,0.0,0.0,0.0,5.653987027536268,5.975416727363106,6.055587068377569,3.609384026079704,3.141214382211697,3.1053475687108234,4.35675316447126,3.1873452612485744,2.6730535139855967,2.3310548015839965,5.229271597597921,8.316362130130562,7.124522934000002,6.869781400000001,7.446321088320001,1.3947137604000006,1.2397455648000006,3.6251213040000008,3.433121304000001,2.295825120000001,2.510201615108148,0.7532902359973328,0.36662403915549563,1.4418985235061066,1.0916278106421893,0.0,0.0,0.0,0.0,0.0,0.0,0.0,0.0,0.0,0.0,0.0,0.0,0.0,0.0,0.0,0.0,0.0,0.0,0.0,0.0,0.0,0.0,0.0,0.0,0.0,0.0,0.0,0.0,0.0,0.0,0.0,0.0,0.0,0.0,0.0,0.0,0.0,0.0,0.0,0.0,0.0,0.0,0.0,0.0,0.0,0.0,0.0,0.0,0.0,0.0,0.0,0.0,0.0,0.0,0.0,0.0,0.0,0.0,0.0,0.0,0.0,0.0,
0.0,0.0,0.0,0.0,0.0,0.0,0.0,0.0,0.0,0.0,0.0,0.0,0.0,6.8533833944114075,6.6725719230342015,6.910183289895832,2.418689348648175,4.98914939513313,3.1687429190605414,6.277075749787334,3.6344333328965406,2.8366420063866635,2.463076915540737,6.741362559430441,5.007549033478401,5.896387814976002,5.6974950720000015,4.73055008,5.3006112000000005,1.3774950720000008,2.8800000000000003,2.4000000000000004,1.7006112000000007,1.5746400000000005,0.10806813741383946,0.785300284039946,0.9019942551138138,1.2129197896024324,0.0,0.0,0.0,0.0,0.0,0.0,0.0,0.0,0.0,0.0,0.0,0.0,0.0,0.0,0.0,0.0,0.0,0.0,0.0,0.0,0.0,0.0,0.0,0.0,0.0,0.0,0.0,0.0,0.0,0.0,0.0,0.0,0.0,0.0,0.0,0.0,0.0,0.0,0.0,0.0,0.0,0.0,0.0,0.0,0.0,0.0,0.0,0.0,0.0,0.0,0.0,0.0,0.0,0.0,0.0,0.0,0.0,0.0,0.0,0.0,0.0,0.0,
0.0,0.0,0.0,0.0,0.0,0.0,0.0,0.0,0.0,0.0,0.0,0.0,0.0,3.327554016467886,8.602974931265585,5.204880710504997,6.078195318391257,4.3307286976319705,2.361638357015121,2.4295199715607776,3.039389988178355,2.983554015584459,3.312571451331601,4.759027625465283,3.851098331331601,4.045718145924001,8.299200000000003,9.234352000000001,5.129568000000001,1.9131876000000005,0.0,2.0995200000000005,1.4171760000000004,1.7496000000000005,0.09726132367245552,0.048661343017068676,0.051688655113813445,0.6480000000000001,0.0,0.0,0.0,0.0,0.0,0.0,0.0,0.0,0.0,0.0,0.0,0.0,0.0,0.0,0.0,0.0,0.0,0.0,0.0,0.0,0.0,0.0,0.0,0.0,0.0,0.0,0.0,0.0,0.0,0.0,0.0,0.0,0.0,0.0,0.0,0.0,0.0,0.0,0.0,0.0,0.0,0.0,0.0,0.0,0.0,0.0,0.0,0.0,0.0,0.0,0.0,0.0,0.0,0.0,0.0,0.0,0.0,0.0,0.0,0.0,0.0,0.0,
0.0,0.0,0.0,0.0,0.0,0.0,0.0,0.0,0.0,0.0,0.0,0.0,0.0,1.9349391772240698,5.256061347071426,3.0892713541351773,6.1624023610570475,3.8071176737721037,3.7246373710511524,3.1961992221054456,2.8733994904734455,4.232033925930758,3.4255432659240013,3.8116521925190643,3.881337358558753,2.9760696000000015,3.3067440000000015,2.6244000000000005,2.9160000000000004,2.1257640000000007,4.0,6.332800000000001,1.9440000000000006,1.9440000000000006,0.08753519130520997,0.04379520871536181,0.05743183901534827,0.7462771252292172,0.0,0.0,0.0,0.0,0.0,0.0,0.0,0.0,0.0,0.0,0.0,0.0,0.0,0.0,0.0,0.0,0.0,0.0,0.0,0.0,0.0,0.0,0.0,0.0,0.0,0.0,0.0,0.0,0.0,0.0,0.0,0.0,0.0,0.0,0.0,0.0,0.0,0.0,0.0,0.0,0.0,0.0,0.0,0.0,0.0,0.0,0.0,0.0,0.0,0.0,0.0,0.0,0.0,0.0,0.0,0.0,0.0,0.0,0.0,0.0,0.0,0.0,
0.0,0.0,0.0,0.0,0.0,0.0,0.0,0.0,0.0,0.0,0.0,0.0,0.0,1.5246584500633298,5.922683979963453,6.238855066588411,5.190759004229138,2.819027591730893,4.6665013191853255,3.4279277802288814,4.133240033089823,3.563224512480001,2.526016360791998,4.463633789027159,5.610616376000001,4.347912560000001,3.8880000000000012,3.499200000000001,2.0995200000000005,2.3619600000000007,5.6000000000000005,4.0,3.6,2.8800000000000003,0.07878167217468897,0.07090350495722007,2.4638131544614983,0.8291968058102412,0.0,0.0,0.0,0.0,0.0,0.0,0.0,0.0,0.0,0.0,0.0,0.0,0.0,0.0,0.0,0.0,0.0,0.0,0.0,0.0,0.0,0.0,0.0,0.0,0.0,0.0,0.0,0.0,0.0,0.0,0.0,0.0,0.0,0.0,0.0,0.0,0.0,0.0,0.0,0.0,0.0,0.0,0.0,0.0,0.0,0.0,0.0,0.0,0.0,0.0,0.0,0.0,0.0,0.0,0.0,0.0,0.0,0.0,0.0,0.0,0.0,0.0,
0.0,0.0,0.0,0.0,0.0,0.0,0.0,0.0,0.0,0.0,0.0,0.0,0.0,1.3108623265792083,6.185058675510341,0.9243378792896708,1.652287553608115,2.0740104961508874,4.467564873353446,1.903383868541393,2.655861356762278,2.842888925655359,2.3934904329503977,5.241960000000001,4.1037745167392,4.502096953744,3.4378855041600005,0.5578855041600003,0.30993639120000016,0.3443737680000002,3.6,4.800000000000001,3.2,3.2,5.04976,0.9447840000000003,0.048661343017068676,0.09786336762321587,0.0,0.0,0.0,0.0,0.0,0.0,0.0,0.0,0.0,0.0,0.0,0.0,0.0,0.0,0.0,0.0,0.0,0.0,0.0,0.0,0.0,0.0,0.0,0.0,0.0,0.0,0.0,0.0,0.0,0.0,0.0,0.0,0.0,0.0,0.0,0.0,0.0,0.0,0.0,0.0,0.0,0.0,0.0,0.0,0.0,0.0,0.0,0.0,0.0,0.0,0.0,0.0,0.0,0.0,0.0,0.0,0.0,0.0,0.0,0.0,0.0,0.0,
0.0,0.0,0.0,0.0,0.0,0.0,0.0,0.0,0.0,0.0,0.0,0.0,0.0,1.7167669590161445,0.8894686547884714,1.1898818679310876,1.4280724502047213,1.1968491912345225,1.7087604598084676,0.4535180754484667,2.105929062135359,2.529781863112799,0.5929664604325895,3.0940173585587534,3.2344477987989606,2.9160000000000004,2.5920000000000005,3.6,1.2754584000000004,0.3826375200000002,3.24,0.0,3.6,2.5920000000000005,0.5832000000000002,0.42515280000000016,0.03604543927190273,2.4400504880798923,0.0,0.0,0.0,0.0,0.0,0.0,0.0,0.0,0.0,0.0,0.0,0.0,0.0,0.0,0.0,0.0,0.0,0.0,0.0,0.0,0.0,0.0,0.0,0.0,0.0,0.0,0.0,0.0,0.0,0.0,0.0,0.0,0.0,0.0,0.0,0.0,0.0,0.0,0.0,0.0,0.0,0.0,0.0,0.0,0.0,0.0,0.0,0.0,0.0,0.0,0.0,0.0,0.0,0.0,0.0,0.0,0.0,0.0,0.0,0.0,0.0,0.0,
0.0,0.0,0.0,0.0,0.0,0.0,0.0,0.0,0.0,0.0,0.0,0.0,0.0,1.347376921243403,0.7685677844900698,3.841353058139523,5.455169435651446,0.5477256367109162,1.7837590550898221,0.48630661836227745,1.0041939074880004,2.2555386543893317,2.4825344604325896,2.7095677987989606,2.201487258369601,3.0940969537440006,3.6,4.800000000000001,4.472392,1.5746400000000005,1.7496000000000005,0.0,0.0,0.0,0.061043267916311414,0.4436807879163115,0.09394558932320322,1.6494450470122124,0.0,0.0,0.0,0.0,0.0,0.0,0.0,0.0,0.0,0.0,0.0,0.0,0.0,0.0,0.0,0.0,0.0,0.0,0.0,0.0,0.0,0.0,0.0,0.0,0.0,0.0,0.0,0.0,0.0,0.0,0.0,0.0,0.0,0.0,0.0,0.0,0.0,0.0,0.0,0.0,0.0,0.0,0.0,0.0,0.0,0.0,0.0,0.0,0.0,0.0,0.0,0.0,0.0,0.0,0.0,0.0,0.0,0.0,0.0,0.0,0.0,0.0,
0.0,0.0,0.0,0.0,0.0,0.0,0.0,0.0,0.0,0.0,0.0,0.0,0.0,1.149289158662099,1.105863226499245,2.375073244474012,4.128158976126823,0.6085840407899069,1.58988633002084,0.7564769618968763,0.9855570727589309,1.7408790204325901,2.3594628227028775,0.6588516227028772,0.8368282562400005,0.7531454306160005,4.800000000000001,4.800000000000001,4.0,4.0,0.0,0.0,0.0,0.0,0.06782585324034601,0.3443737680000002,0.9792542206122126,0.7749389411246803,0.0,0.0,0.0,0.0,0.0,0.0,0.0,0.0,0.0,0.0,0.0,0.0,0.0,0.0,0.0,0.0,0.0,0.0,0.0,0.0,0.0,0.0,0.0,0.0,0.0,0.0,0.0,0.0,0.0,0.0,0.0,0.0,0.0,0.0,0.0,0.0,0.0,0.0,0.0,0.0,0.0,0.0,0.0,0.0,0.0,0.0,0.0,0.0,0.0,0.0,0.0,0.0,0.0,0.0,0.0,0.0,0.0,0.0,0.0,0.0,0.0,0.0,
0.0,0.0,0.0,0.0,0.0,0.0,0.0,0.0,0.0,0.0,0.0,0.0,0.0,1.333869624150749,1.132417486508574,2.088335985754198,3.4095959929434443,1.2582281130398247,1.082655896873445,3.200504721583996,2.611969604581558,3.4943462005532853,1.9683496721746894,1.7881463913052102,0.6198727824000003,0.6887475360000004,0.6198727824000003,0.0,3.6,1.9440000000000006,1.8283816721746893,0.06381315446149807,0.05743183901534827,0.10337731022762689,0.07536205915594,0.06782585324034601,0.6257113574003462,1.3570432679163116,0.0,0.0,0.0,0.0,0.0,0.0,0.0,0.0,0.0,0.0,0.0,0.0,0.0,0.0,0.0,0.0,0.0,0.0,0.0,0.0,0.0,0.0,0.0,0.0,0.0,0.0,0.0,0.0,0.0,0.0,0.0,0.0,0.0,0.0,0.0,0.0,0.0,0.0,0.0,0.0,0.0,0.0,0.0,0.0,0.0,0.0,0.0,0.0,0.0,0.0,0.0,0.0,0.0,0.0,0.0,0.0,0.0,0.0,0.0,0.0,0.0,0.0,
0.0,0.0,0.0,0.0,0.0,0.0,0.0,0.0,0.0,0.0,0.0,0.0,0.0,1.6566407186631853,2.464611735990453,2.7092064133787694,2.480621263996685,1.4254300530995503,0.6723857767720058,3.1470953075244514,1.0299353762291368,3.135760863515973,2.423724412241519,1.6278114036724562,1.0331213040000005,1.1479125600000004,0.8368282562400005,0.0,4.0972613236724555,0.08753519130520997,1.6621751913052103,0.2033492662663201,0.2259436291848001,0.0930395792048642,0.08373562128437778,0.07536205915594,0.5020969537440002,1.6684969537440006,0.0,0.0,0.0,0.0,0.0,0.0,0.0,0.0,0.0,0.0,0.0,0.0,0.0,0.0,0.0,0.0,0.0,0.0,0.0,0.0,0.0,0.0,0.0,0.0,0.0,0.0,0.0,0.0,0.0,0.0,0.0,0.0,0.0,0.0,0.0,0.0,0.0,0.0,0.0,0.0,0.0,0.0,0.0,0.0,0.0,0.0,0.0,0.0,0.0,0.0,0.0,0.0,0.0,0.0,0.0,0.0,0.0,0.0,0.0,0.0,0.0,0.0,
0.0,0.0,0.0,0.0,0.0,0.0,0.0,0.0,0.0,0.0,0.0,0.0,0.0,1.2777594786512294,1.6063796317195176,1.6999649478884427,3.1442070500595043,1.6632551060412606,1.047896917392699,1.2723980456279496,3.6933970650652803,2.6760573585587526,2.109827124712799,2.499772360791998,2.658443230216295,2.2904769056757193,0.7531454306160005,0.4518872583696002,2.5200757082375995,0.12007570823759939,0.9447840000000003,0.3660286792793762,0.5020969537440002,1.1157710083200005,1.2397455648000006,1.2088105875248647,0.8169585850774985,1.5804289305442891,0.0,0.0,0.0,0.0,0.0,0.0,0.0,0.0,0.0,0.0,0.0,0.0,0.0,0.0,0.0,0.0,0.0,0.0,0.0,0.0,0.0,0.0,0.0,0.0,0.0,0.0,0.0,0.0,0.0,0.0,0.0,0.0,0.0,0.0,0.0,0.0,0.0,0.0,0.0,0.0,0.0,0.0,0.0,0.0,0.0,0.0,0.0,0.0,0.0,0.0,0.0,0.0,0.0,0.0,0.0,0.0,0.0,0.0,0.0,0.0,0.0,0.0,
0.0,0.0,0.0,0.0,0.0,0.0,0.0,0.0,0.0,0.0,0.0,0.0,0.0,1.2516918960081835,2.166034946310542,2.0432668500904017,3.0885289466701384,2.5831377310418504,1.0913488407615763,1.8204741387859174,3.3037745167392005,1.5626261394420773,2.411468256240001,3.572545564800001,1.5305500800000007,1.8836255396396884,2.2962665325326403,2.5514072583696,2.8800000000000003,0.13341745359733265,0.8503056000000003,1.1313037192793765,1.0331213040000005,2.181033864000001,1.0331213040000005,1.251289870227627,1.4800288626669968,1.6140881064482702,0.0,0.0,0.0,0.0,0.0,0.0,0.0,0.0,0.0,0.0,0.0,0.0,0.0,0.0,0.0,0.0,0.0,0.0,0.0,0.0,0.0,0.0,0.0,0.0,0.0,0.0,0.0,0.0,0.0,0.0,0.0,0.0,0.0,0.0,0.0,0.0,0.0,0.0,0.0,0.0,0.0,0.0,0.0,0.0,0.0,0.0,0.0,0.0,0.0,0.0,0.0,0.0,0.0,0.0,0.0,0.0,0.0,0.0,0.0,0.0,0.0,0.0,
0.0,0.0,0.0,0.0,0.0,0.0,0.0,0.0,0.0,0.0,0.0,0.0,0.0,1.6284578497953413,2.9355001367626623,1.0811102132717274,1.3220091498164939,1.1340802316661902,0.9822139566854188,1.704279238323196,4.720454249425597,0.8005047215839959,1.8895680000000006,2.6734950720000006,1.7218688400000006,1.1157710083200005,0.7531454306160005,1.7496000000000005,2.5920000000000005,3.496483230216295,0.0,0.29648323021629475,1.3895088453244424,1.5422933071946658,1.1699605900751993,1.2492575788276794,0.901831769816327,2.0072269899364312,4.149045294689822,3.445265742362178,2.3942952692913093,1.6667280769903436,1.5042828208108536,2.4124141063509414,2.807595381157065,1.714723941157065,1.3336103713390384,4.686035369604394,3.833646149301735,4.0293047008324665,4.317083505400393,5.505771596117613,4.038682552014903,3.346746946078754,3.7531919734061647,10.063929610745603,9.330747901951687,8.858847666851934,8.652543858402288,8.377468079082018,7.62645341753338,8.526536158990417,6.5013900490203875,9.922175485513083,9.248245055634683,11.453617917843243,13.8989903251165,9.33951935993689,15.005866565357016,9.568711782242854,6.381837214066325,9.252313518772459,10.03260672453535,9.960218118426784,10.886374229458793,10.879631761045065,10.627200220066577,9.171939760267913,16.770290389962362,18.802365064700112,18.165254258768414,20.83255114432362,11.829071968907817,0.0,0.0,0.0,0.0,0.0,0.0,0.0,0.0,0.0,0.0,0.0,0.0,0.0,0.0,0.0,0.0,0.0,
0.0,0.0,0.0,0.0,0.0,0.0,0.0,0.0,0.0,0.0,0.0,0.0,0.0,1.3202198499354274,4.35507594271789,7.952314259747473,4.488329491469715,4.7456935793986785,0.8172838342182107,1.302601675327996,0.7564769618968763,0.48630661836227745,1.5672423710173669,3.335133847344912,1.0331213040000005,0.9298091736000005,2.8348969537440003,3.0438872583696006,3.6933970650652803,4.549043018919065,2.5920000000000005,1.1664000000000003,1.3008084768720003,0.5020969537440002,0.8368282562400005,0.40025236079199794,1.2078946416219418,2.0687787170271585,2.383107225653429,2.236597377316065,0.6686175661794244,0.830443598171237,1.8619548726741075,2.7456466594998767,2.949578846315897,3.8872128638353063,4.661609959595913,5.208030496409119,2.638797577642834,7.366987243987256,7.29736532358506,3.7876039430477593,2.9124148083604426,9.204411843173206,8.06587359217582,7.773542757662975,10.535868884908162,10.162415553362072,8.248365164283445,7.371744729020911,6.841861871965373,6.883018197702367,7.575607544418676,6.356920032567641,10.68622745369822,13.856284965141164,12.71153204646828,8.51234704613168,8.344196981610457,5.891148569590122,9.002445485532167,8.55730907379262,10.023608005977698,7.852561960995297,11.157910312209772,7.690107061964215,12.23993819545979,15.683864608917654,13.834554030487078,14.202659059053714,19.039725048120808,13.691959032626928,10.99927893522407,0.0,0.0,0.0,0.0,0.0,0.0,0.0,0.0,0.0,0.0,0.0,0.0,0.0,0.0,0.0,0.0,0.0,
0.0,0.0,0.0,0.0,0.0,0.0,0.0,0.0,0.0,0.0,0.0,0.0,0.0,3.581948076338107,5.439896777596338,8.358073628127181,5.056739880029447,4.573521201682797,5.6815627806072815,1.3879914014093901,1.624709310849775,1.3299684381420203,3.1487343925116207,3.411898638850421,0.8368282562400005,1.2397455648000006,2.0995200000000005,1.8895680000000006,1.5746400000000005,2.3328000000000007,2.8800000000000003,0.0,3.4033492662663205,0.19452264734491104,0.32420441224151836,0.48030283295039755,0.49413871702715795,1.9113147170271583,1.2950304453244423,2.2154797425587907,0.6449830645270178,0.47145370637684236,0.6981450834830216,1.1949972354995508,1.600844907360754,1.1209990418236382,1.4347335494359728,1.119963595006956,2.0084374624519343,3.6531721376580033,4.21353744476039,3.482094293546568,8.23167450307257,3.3140486605107307,6.303026543370484,9.355663132647816,8.361244220101717,6.323893159218595,5.640220036823952,9.981834906458843,9.06724574315984,5.562823905865209,9.082694613485407,11.131891959263786,9.248471214538736,9.313502282983352,11.951045835005264,9.200297624546181,10.798767771182844,13.242509711891863,10.78958222276296,10.386936568214402,9.054373964852816,13.200958016691523,6.973231606739539,8.706735734934323,14.32513383559017,14.745805614308406,20.831125212613777,13.341403970254248,10.145990472468515,10.043505150547055,7.906940025630517,0.0,0.0,0.0,0.0,0.0,0.0,0.0,0.0,0.0,0.0,0.0,0.0,0.0,0.0,0.0,0.0,0.0,
0.0,0.0,0.0,0.0,0.0,0.0,0.0,0.0,0.0,0.0,0.0,0.0,0.0,2.4716289101931808,6.088774197329263,5.404665229120337,6.7633157772692964,6.537773146070478,4.527125647174934,2.477454119172858,1.309871146740874,1.962822629655358,1.330608432950398,1.478453814389331,1.4944848453244424,1.3774950720000008,1.9131876000000005,1.2754584000000004,0.9447840000000003,2.5920000000000005,4.0,4.800000000000001,4.20334926626632,2.9772613236724554,0.82307038261042,1.2451816721746891,0.3660286792793762,0.49413871702715795,0.972029660455254,1.6072224280613931,1.9556586921578725,1.0663950864314315,2.286478512633187,2.7664695449499073,2.433622820261702,3.135147508465181,2.47975166537449,1.425180474552237,2.0432906011280263,5.397679369193446,2.4916636377433217,6.705670197834234,10.057408541451519,5.970564519673684,7.855637498500064,8.810522648181514,9.388610936568082,7.599260065867491,7.025008416772008,11.316146754123968,9.02155556473761,12.427279895742195,8.771604039993726,8.654413602648884,7.775128620062021,8.145353348245983,16.0738918684649,15.731041241858193,11.419030214743636,11.497299268999082,8.401018973800566,11.49013516745841,11.09894758558799,12.871466125639724,8.706755098600715,9.026299920511224,14.085599916226768,15.086781130117233,14.896679235474075,16.498315736394186,9.805512107950197,7.541903521149991,8.871387301881272,0.0,0.0,0.0,0.0,0.0,0.0,0.0,0.0,0.0,0.0,0.0,0.0,0.0,0.0,0.0,0.0,0.0,
0.0,0.0,0.0,0.0,0.0,0.0,0.0,0.0,0.0,0.0,0.0,0.0,0.0,3.6360994035344096,4.658294881127257,5.330724800355167,4.183064305312389,2.7018058837754975,2.6327840117169803,2.624829265707189,1.0306424169586392,0.43767595652604974,2.0863066183622774,2.0803028329503976,1.6605387170271582,0.49413871702715795,0.0,1.5305500800000007,1.2754584000000004,2.8800000000000003,4.800000000000001,4.800000000000001,0.3294258113514386,0.4447248453244422,0.40025236079199794,1.7164470099144402,1.6431196291848007,0.2259436291848001,1.190273065897729,1.464581437570945,3.2189142299387177,1.3268782620144812,1.6541838878337007,1.7613084637644965,1.4125353325703078,1.1426303006860865,1.6040759565260496,4.448874945907491,4.820602593048134,4.747053791489446,4.163547546482521,7.510556489766564,9.995121465567715,5.98013166566671,5.3950054112157035,4.369308802177823,8.55242607337703,6.561194021919491,7.5271289100752945,4.410566430075292,7.733883064516138,7.631331852768539,7.610780374767037,9.711512653769192,13.56377895626591,8.6463733018261,12.57653699658558,4.059135451802089,9.132278833702202,5.556192640875548,7.709502025647584,6.579247594238568,12.381850430297737,12.800314798452503,9.596397804070687,7.823447853660969,15.574959966500739,20.59137248285028,14.685246702296595,15.536180226163102,8.684917554610337,6.919394642151252,7.6896872474360904,0.0,0.0,0.0,0.0,0.0,0.0,0.0,0.0,0.0,0.0,0.0,0.0,0.0,0.0,0.0,0.0,0.0,
0.0,0.0,0.0,0.0,0.0,0.0,0.0,0.0,0.0,0.0,0.0,0.0,0.0,3.259757198097381,4.542236699906219,4.03425588051299,4.026588288112921,3.4186998800294472,0.8770176437961463,1.025799570931317,0.8487965030880863,0.6670872679866631,0.7412080755407368,1.120252360791998,1.0927248453244423,0.5490430189190644,0.4066985325326402,1.0331213040000005,0.6198727824000003,0.5578855041600003,3.6,4.0,0.2668349071946653,0.36022712471279816,0.36022712471279816,0.3880175667030163,1.3903220780306966,0.23259894801216044,1.5077568491339104,1.6040528136109449,1.4878413323721609,1.5650008283197447,1.8129878699099968,2.3682495643669093,2.292472961074921,1.9643863987115733,2.3110004849046466,1.3674851301260502,1.5845930092228235,2.175535630094179,4.539460416644953,8.407719219254217,12.571903652009908,6.172412568887678,5.8656335208700225,7.904666543555732,8.294210297752077,7.844852779435324,6.836128208326836,5.303652670468071,8.95939446330511,7.671342043553182,7.44319798148699,9.341863005586328,10.981175399691018,5.506010083337446,4.64752050165895,4.86373238664644,6.046868349895971,8.174427614455972,9.375960296159674,8.799935902054607,10.270212863543536,9.458091116007742,10.134142860719123,14.444333421324762,13.244161537008189,5.934802139955804,13.879824578516999,6.975936225149249,11.229960109910495,12.342074349493936,10.631687993597772,0.0,0.0,0.0,0.0,0.0,0.0,0.0,0.0,0.0,0.0,0.0,0.0,0.0,0.0,0.0,0.0,0.0,
0.0,0.0,0.0,0.0,0.0,0.0,0.0,0.0,0.0,0.0,0.0,0.0,0.0,6.353988767354856,6.393417772307491,3.513498620455255,3.803068534700541,3.1344847420347337,2.4535282870691972,1.4092017854255967,0.6484088244830367,1.2161302869057276,1.7284687632637208,0.8235645283785964,0.5929664604325895,0.0,0.6778308875544005,1.5305500800000007,1.7006112000000007,0.5020969537440002,2.5920000000000005,5.6000000000000005,0.4447248453244422,2.4001514164751994,2.6161362748276793,2.691783971017367,1.698021322568756,1.5635742304097289,1.7531595157210382,1.828800693614593,2.0354770982766945,2.5225506190438245,1.8734170875028988,2.2927840362905303,2.2634670409549837,1.3442128789145258,1.2668310602107762,1.6020776266822785,1.3932392021778222,2.3291996580588865,5.125733885546498,5.516868307634036,5.403048166808915,5.3690777702381025,7.668230267889852,7.865027685178718,5.082425652454368,7.2378750487447405,3.7202880607811992,6.9549336881609,9.970065293755262,10.98743008665661,10.56730489448585,11.979933602759186,12.289578618215696,12.218297805103154,10.269640887601568,10.033918969896531,9.396935411075777,8.20194003182002,11.727366957641156,11.160558502359654,9.525137720425962,15.836201534418914,11.438739498302246,13.248610426960354,13.334446695681992,9.997037882582491,6.417859674663264,7.293580043587159,10.85908384167075,10.602085584637406,9.773020351813502,0.0,0.0,0.0,0.0,0.0,0.0,0.0,0.0,0.0,0.0,0.0,0.0,0.0,0.0,0.0,0.0,0.0,
0.0,0.0,0.0,0.0,0.0,0.0,0.0,0.0,0.0,0.0,0.0,0.0,0.0,5.4702060575060525,5.191843158409729,4.1889933555690675,4.277235705222823,2.8210362678312606,2.1595447965260504,1.726052183162278,1.3771689433091971,1.4309763181704007,1.4912279526196812,0.7320573585587524,0.8133970650652804,0.6778308875544005,0.7531454306160005,1.3774950720000008,1.4171760000000004,2.0767369537440006,1.3923436291848004,0.5490430189190644,0.49413871702715795,2.11907038261042,0.777722647344911,1.7691626473449114,2.190241814536987,3.501479408007312,1.9837287329297455,1.8766630106083952,1.9497719893485148,1.7662924492907572,2.3814574835836324,2.265621277239091,1.340687959774929,1.4059789855556228,1.0100945907640608,0.9090851316876548,6.169099970047091,5.612244483826944,5.017797339414568,5.192176156209851,5.367735641420866,4.883087911214593,6.077977556012163,7.27585684319583,7.005919266046894,5.115728482162443,8.496376082376878,8.389932242383997,7.63068561302645,9.256056070886265,7.888981105284058,6.868494051900308,6.774835992861633,4.731463541679692,4.379318807707397,5.713761246852317,11.045735302127731,12.175470508452252,11.531036890150821,12.163479033810907,12.572631372764755,13.312488173375879,10.086423932605967,9.968289984750028,11.636516820123953,9.20993487494326,9.394510055218017,9.249333632430442,10.231882638567221,8.601822564152112,9.665341854997832,0.0,0.0,0.0,0.0,0.0,0.0,0.0,0.0,0.0,0.0,0.0,0.0,0.0,0.0,0.0,0.0,0.0,
0.0,0.0,0.0,0.0,0.0,0.0,0.0,0.0,0.0,0.0,0.0,0.0,0.0,3.0743255410201487,2.483242738767134,4.1223339987689895,1.7775926871689887,1.6097599091461006,1.9435903168734454,1.3947137604000006,1.3932392021778222,1.110103437209758,0.8235645283785964,0.7412080755407368,2.4000000000000004,2.9020969537440005,1.1157710083200005,1.2397455648000006,1.5746400000000005,1.8895680000000006,1.2754584000000004,0.7652750400000004,0.6887475360000004,0.6986544545746891,0.6287890091172202,0.6935364171284943,2.201894314480693,3.5946794941445033,2.502668237475951,1.9765917676860583,2.5444730969266605,1.9784481452413543,1.2789906953044188,1.228155540275257,1.2677222617982562,0.9747694965276312,0.9802986237843923,0.8027857374315994,2.9613902294334222,3.4040124318998255,3.8097125870423856,8.030843771850767,5.2269701372608655,5.3586608528958415,3.297800464890422,6.611496403442201,6.601261006088639,9.635973168209398,7.68631307294887,7.7798797016186905,5.748105636099909,13.716385547507844,11.497233678442264,5.307094580278905,8.650716815348298,6.200760558362792,11.278832353131396,9.006881264113638,13.563869338601476,7.872400096337764,9.811989722029132,12.221367453711999,8.384289964444282,10.52049458184326,6.895069315242185,6.275604524255845,7.85325471875159,7.227541905419477,11.821306162433991,7.027647315033953,12.486158462044312,7.330387195194492,8.32856888158637,0.0,0.0,0.0,0.0,0.0,0.0,0.0,0.0,0.0,0.0,0.0,0.0,0.0,0.0,0.0,0.0,0.0,
0.0,0.0,0.0,0.0,0.0,0.0,0.0,0.0,0.0,0.0,0.0,0.0,0.0,3.2297787565340754,2.2010055382702474,2.692297690942369,2.050985508009654,1.6847594504448806,1.5388564041888804,1.709840449098756,1.9682260365260504,1.8758369411879976,0.6003785411879968,0.9444832302162947,0.7200000000000001,0.8368282562400005,4.129809173600001,5.14791256,2.9160000000000004,2.5920000000000005,4.0,0.7652750400000004,5.488747536000001,3.8887475360000003,1.934138717027158,0.9536988115855438,1.7996192400780253,2.0480506212933154,3.0154410676172616,2.7832397148871024,2.025924614276135,2.211847953336482,2.014537819202793,2.3800284535508887,1.695052628890345,2.515916878067551,3.2272555509719747,3.2914124951932036,2.9904045247598834,2.5738705068499894,4.3205491769078606,3.2182934870391207,2.448111756341688,4.754292337810915,5.957975380495334,6.049048138639524,5.763911535505029,5.71611070930437,7.520648272701866,9.258953062989697,11.345428771227295,9.102186773148805,10.4886188720169,6.885072867024488,8.055384297988066,7.907862168747092,12.978448917809157,9.812825128311317,12.627604729206546,10.899404677880796,11.57208330852227,11.11134270615095,9.160111568609764,8.543201584980071,8.287227101533723,5.727541468269037,6.8760607727141645,5.32604628883012,8.85326304829507,5.314313663093872,4.937307942895753,6.7796743252669796,6.411488543992021,0.0,0.0,0.0,0.0,0.0,0.0,0.0,0.0,0.0,0.0,0.0,0.0,0.0,0.0,0.0,0.0,0.0,
0.0,0.0,0.0,0.0,0.0,0.0,0.0,0.0,0.0,0.0,0.0,0.0,0.0,3.086135370660302,1.9565350956877436,1.815113297290321,3.440304625692742,1.5892703509388946,1.1164850316108603,1.6336539256734453,1.9178357590691977,1.4250868329503976,2.108309814389331,2.194324845324443,1.0331213040000005,0.7652750400000004,1.2754584000000004,4.4503056,3.24,2.8800000000000003,3.2,1.2754584000000004,1.4171760000000004,0.8368282562400005,3.1410430189190643,1.959094565585097,2.5135764602531854,1.556160618885177,0.0,0.0,0.0,0.0,0.0,0.0,0.0,0.0,0.0,0.0,0.0,0.0,0.0,0.0,0.0,0.0,0.0,0.0,0.0,0.0,0.0,0.0,0.0,0.0,0.0,0.0,0.0,0.0,0.0,0.0,0.0,0.0,0.0,0.0,0.0,0.0,0.0,0.0,0.0,0.0,0.0,0.0,0.0,0.0,0.0,0.0,0.0,0.0,0.0,0.0,0.0,0.0,0.0,0.0,0.0,0.0,0.0,0.0,0.0,0.0,0.0,0.0,
0.0,0.0,0.0,0.0,0.0,0.0,0.0,0.0,0.0,0.0,0.0,0.0,0.0,3.299614043246862,0.5352896343199548,1.3418571857878199,3.0645814375709453,0.9617847146201454,1.0686496829112726,1.2652124634192803,1.2126098230684181,4.5929664604325895,3.932057358558753,3.8588516227028773,6.839745564800001,1.8953311824000005,1.4171760000000004,2.0995200000000005,2.9160000000000004,4.320000000000001,3.8880000000000012,2.9160000000000004,1.5746400000000005,0.7531454306160005,1.5138223155381612,2.478414516739201,2.027223798798961,2.075180233586379,0.0,0.0,0.0,0.0,0.0,0.0,0.0,0.0,0.0,0.0,0.0,0.0,0.0,0.0,0.0,0.0,0.0,0.0,0.0,0.0,0.0,0.0,0.0,0.0,0.0,0.0,0.0,0.0,0.0,0.0,0.0,0.0,0.0,0.0,0.0,0.0,0.0,0.0,0.0,0.0,0.0,0.0,0.0,0.0,0.0,0.0,0.0,0.0,0.0,0.0,0.0,0.0,0.0,0.0,0.0,0.0,0.0,0.0,0.0,0.0,0.0,0.0,
0.0,0.0,0.0,0.0,0.0,0.0,0.0,0.0,0.0,0.0,0.0,0.0,0.0,1.3580320346920842,0.5576401982673685,1.432380191497534,1.5188643024145927,1.9949060186201453,1.1975475896553582,1.9718975077780767,1.3824599565260496,0.6670872679866631,3.1302749235117586,3.044159808024958,0.6778308875544005,1.9750615041600008,1.2754584000000004,1.4171760000000004,7.974640000000001,4.800000000000001,4.800000000000001,6.374640000000001,0.9447840000000003,1.2754584000000004,1.0041939074880004,0.9037745167392004,0.8133970650652804,0.6612628143876271,0.0,0.0,0.0,0.0,0.0,0.0,0.0,0.0,0.0,0.0,0.0,0.0,0.0,0.0,0.0,0.0,0.0,0.0,0.0,0.0,0.0,0.0,0.0,0.0,0.0,0.0,0.0,0.0,0.0,0.0,0.0,0.0,0.0,0.0,0.0,0.0,0.0,0.0,0.0,0.0,0.0,0.0,0.0,0.0,0.0,0.0,0.0,0.0,0.0,0.0,0.0,0.0,0.0,0.0,0.0,0.0,0.0,0.0,0.0,0.0,0.0,0.0,
0.0,0.0,0.0,0.0,0.0,0.0,0.0,0.0,0.0,0.0,0.0,0.0,0.0,1.0053564614583976,0.9574807677364011,1.6060310902442236,0.8705648277077013,0.967294253008557,0.9182941318397962,0.9065334078353248,1.8897666886987563,2.283269814389331,3.7203028329503973,2.2066055739156303,2.194324845324443,2.9538258113514386,1.3309268996396888,0.1830143396396881,2.9160000000000004,3.24,4.320000000000001,2.9160000000000004,0.0,0.7652750400000004,0.8368282562400005,0.957563344349378,0.9276263089229961,0.868009108646697,0.0,0.0,0.0,0.0,0.0,0.0,0.0,0.0,0.0,0.0,0.0,0.0,0.0,0.0,0.0,0.0,0.0,0.0,0.0,0.0,0.0,0.0,0.0,0.0,0.0,0.0,0.0,0.0,0.0,0.0,0.0,0.0,0.0,0.0,0.0,0.0,0.0,0.0,0.0,0.0,0.0,0.0,0.0,0.0,0.0,0.0,0.0,0.0,0.0,0.0,0.0,0.0,0.0,0.0,0.0,0.0,0.0,0.0,0.0,0.0,0.0,0.0,
0.0,0.0,0.0,0.0,0.0,0.0,0.0,0.0,0.0,0.0,0.0,0.0,0.0,0.5967816645527416,0.7180701755479455,1.217750999759312,1.5352779439004853,0.8441733242857224,1.0203268131553291,1.1336964590614769,0.5424118129227335,5.008398048461992,5.554872253498756,5.476090581324067,5.066834907194666,4.439745564800001,1.0331213040000005,0.2033492662663201,3.24,3.6,4.0,7.24,0.0,0.3443737680000002,0.6198727824000003,0.89507038261042,0.7376741077219566,0.8054571964773966,0.0,0.0,0.0,0.0,0.0,0.0,0.0,0.0,0.0,0.0,0.0,0.0,0.0,0.0,0.0,0.0,0.0,0.0,0.0,0.0,0.0,0.0,0.0,0.0,0.0,0.0,0.0,0.0,0.0,0.0,0.0,0.0,0.0,0.0,0.0,0.0,0.0,0.0,0.0,0.0,0.0,0.0,0.0,0.0,0.0,0.0,0.0,0.0,0.0,0.0,0.0,0.0,0.0,0.0,0.0,0.0,0.0,0.0,0.0,0.0,0.0,0.0,
0.0,0.0,0.0,0.0,0.0,0.0,0.0,0.0,0.0,0.0,0.0,0.0,0.0,0.5699073140462316,0.3033322881026585,0.33912926620172995,2.4900188825264613,1.4031175156553515,1.6502067611612865,2.2683851255679492,1.1324628373727708,4.598102268361446,4.80044636522084,1.5936313468276793,4.680227124712799,0.8368282562400005,4.036828256240001,7.077830887554401,2.3328000000000007,6.4,4.800000000000001,3.6,0.0,0.21613627482767891,0.19452264734491104,0.842522647344911,0.9141755751893166,0.7815506879451367,0.0,0.0,0.0,0.0,0.0,0.0,0.0,0.0,0.0,0.0,0.0,0.0,0.0,0.0,0.0,0.0,0.0,0.0,0.0,0.0,0.0,0.0,0.0,0.0,0.0,0.0,0.0,0.0,0.0,0.0,0.0,0.0,0.0,0.0,0.0,0.0,0.0,0.0,0.0,0.0,0.0,0.0,0.0,0.0,0.0,0.0,0.0,0.0,0.0,0.0,0.0,0.0,0.0,0.0,0.0,0.0,0.0,0.0,0.0,0.0,0.0,0.0,
0.0,0.0,0.0,0.0,0.0,0.0,0.0,0.0,0.0,0.0,0.0,0.0,0.0,0.6050163193802535,0.6878573637081281,1.0414618235268747,3.5118917150297966,3.293851869818917,3.517839581439019,2.164491183008989,3.278086460359322,5.352348412340501,6.101884805895359,2.08312964157384,4.479745564800001,4.6174950720000005,4.320000000000001,2.3619600000000007,2.6244000000000005,6.219872782400001,0.6887475360000004,0.7652750400000004,0.0,0.24015141647519878,0.2668349071946653,0.29648323021629475,0.41316143263581623,0.6816439994631914,0.0,0.0,0.0,0.0,0.0,0.0,0.0,0.0,0.0,0.0,0.0,0.0,0.0,0.0,0.0,0.0,0.0,0.0,0.0,0.0,0.0,0.0,0.0,0.0,0.0,0.0,0.0,0.0,0.0,0.0,0.0,0.0,0.0,0.0,0.0,0.0,0.0,0.0,0.0,0.0,0.0,0.0,0.0,0.0,0.0,0.0,0.0,0.0,0.0,0.0,0.0,0.0,0.0,0.0,0.0,0.0,0.0,0.0,0.0,0.0,0.0,0.0,
0.0,0.0,0.0,0.0,0.0,0.0,0.0,0.0,0.0,0.0,0.0,0.0,0.0,0.777957164539448,1.6298678365615735,2.422046379311804,3.637911076872383,3.0021234187470918,2.987550993372703,1.2890188127772009,3.045380224820062,3.9278121036390905,3.236574516739201,2.388037065065281,2.2986430189190648,4.628625120000001,1.9131876000000005,1.7006112000000007,4.320000000000001,6.219872782400001,7.489568000000001,0.8503056000000003,4.0,0.29648323021629475,0.2668349071946653,0.19452264734491104,0.2504324417663599,0.557188533616201,0.0,0.0,0.0,0.0,0.0,0.0,0.0,0.0,0.0,0.0,0.0,0.0,0.0,0.0,0.0,0.0,0.0,0.0,0.0,0.0,0.0,0.0,0.0,0.0,0.0,0.0,0.0,0.0,0.0,0.0,0.0,0.0,0.0,0.0,0.0,0.0,0.0,0.0,0.0,0.0,0.0,0.0,0.0,0.0,0.0,0.0,0.0,0.0,0.0,0.0,0.0,0.0,0.0,0.0,0.0,0.0,0.0,0.0,0.0,0.0,0.0,0.0,
0.0,0.0,0.0,0.0,0.0,0.0,0.0,0.0,0.0,0.0,0.0,0.0,0.0,3.6532250370835078,1.7217523235659984,3.2961325567796242,2.9744116028663026,2.924413867042487,3.56884535316538,1.1833836483529843,1.3148707203922048,1.1391544556532744,2.122121200791998,2.3579124453244424,2.593658717027158,4.001895072000001,2.066242608000001,7.0958251200000015,3.8880000000000012,3.4738855041600005,7.19494275208,2.3859436291848004,3.4033492662663205,0.49413871702715795,0.24015141647519878,0.21613627482767891,0.4121996212403461,0.48818133022730253,0.0,0.0,0.0,0.0,0.0,0.0,0.0,0.0,0.0,0.0,0.0,0.0,0.0,0.0,0.0,0.0,0.0,0.0,0.0,0.0,0.0,0.0,0.0,0.0,0.0,0.0,0.0,0.0,0.0,0.0,0.0,0.0,0.0,0.0,0.0,0.0,0.0,0.0,0.0,0.0,0.0,0.0,0.0,0.0,0.0,0.0,0.0,0.0,0.0,0.0,0.0,0.0,0.0,0.0,0.0,0.0,0.0,0.0,0.0,0.0,0.0,0.0,
0.0,0.0,0.0,0.0,0.0,0.0,0.0,0.0,0.0,0.0,0.0,0.0,0.0,3.826644058691999,1.6951814616557992,4.1649732276610925,4.253146314843756,2.8573276462151256,3.3627168428955923,1.258233914352185,0.7528026452248056,1.065412487782255,2.45258480763259,2.100863560791998,4.035616512480001,5.476298738400002,4.950916800000002,7.634352000000002,3.779136000000001,5.508000000000001,6.84,3.24,0.6198727824000003,0.27894275208000013,0.07536205915594,0.06782585324034601,0.37776224444034606,0.32838779909221233,0.0,0.0,0.0,0.0,0.0,0.0,0.0,0.0,0.0,0.0,0.0,0.0,0.0,0.0,0.0,0.0,0.0,0.0,0.0,0.0,0.0,0.0,0.0,0.0,0.0,0.0,0.0,0.0,0.0,0.0,0.0,0.0,0.0,0.0,0.0,0.0,0.0,0.0,0.0,0.0,0.0,0.0,0.0,0.0,0.0,0.0,0.0,0.0,0.0,0.0,0.0,0.0,0.0,0.0,0.0,0.0,0.0,0.0,0.0,0.0,0.0,0.0,
0.0,0.0,0.0,0.0,0.0,0.0,0.0,0.0,0.0,0.0,0.0,0.0,0.0,3.7898653955872077,1.6002813386209997,2.093007701481976,5.60839076031789,2.3848951790833413,2.1356237216726335,1.6541961868385187,1.4482268030589687,1.60948721642312,4.338638979720958,1.7003984305483182,2.612763777816001,4.838462640000002,4.950916800000002,6.150916800000001,2.9760696000000015,3.3067440000000015,4.199040000000001,3.499200000000001,0.3443737680000002,0.5537856088578136,0.7243506771568324,0.4066985325326402,0.49966378644912224,0.5570358948686805,0.0,0.0,0.0,0.0,0.0,0.0,0.0,0.0,0.0,0.0,0.0,0.0,0.0,0.0,0.0,0.0,0.0,0.0,0.0,0.0,0.0,0.0,0.0,0.0,0.0,0.0,0.0,0.0,0.0,0.0,0.0,0.0,0.0,0.0,0.0,0.0,0.0,0.0,0.0,0.0,0.0,0.0,0.0,0.0,0.0,0.0,0.0,0.0,0.0,0.0,0.0,0.0,0.0,0.0,0.0,0.0,0.0,0.0,0.0,0.0,0.0,0.0,
0.0,0.0,0.0,0.0,0.0,0.0,0.0,0.0,0.0,0.0,0.0,0.0,0.0,3.1706276069971464,3.7569962831117323,4.283637381363527,4.561811596951524,3.614099463451141,3.2751844140327484,3.835250330257984,3.344707069798623,3.262057629365331,3.84156572499259,2.3503057985365907,3.988881354744001,6.540019027488002,4.362067728000002,6.183825120000002,4.665600000000001,3.6741600000000014,3.3067440000000015,1.2754584000000004,1.1479125600000004,2.1569518390153486,1.2302131544614983,0.5490430189190644,0.3294258113514386,0.4518872583696002,0.0,0.0,0.0,0.0,0.0,0.0,0.0,0.0,0.0,0.0,0.0,0.0,0.0,0.0,0.0,0.0,0.0,0.0,0.0,0.0,0.0,0.0,0.0,0.0,0.0,0.0,0.0,0.0,0.0,0.0,0.0,0.0,0.0,0.0,0.0,0.0,0.0,0.0,0.0,0.0,0.0,0.0,0.0,0.0,0.0,0.0,0.0,0.0,0.0,0.0,0.0,0.0,0.0,0.0,0.0,0.0,0.0,0.0,0.0,0.0,0.0,0.0,
0.0,0.0,0.0,0.0,0.0,0.0,0.0,0.0,0.0,0.0,0.0,0.0,0.0,2.3449277277412275,5.106357449936014,2.3934837010722116,3.496415485632827,3.7657943754243868,3.4495405953238096,2.597590669597921,3.445684418177999,4.0313743917719975,3.981142016640001,5.309056623118753,5.595757460931601,5.515878151108802,5.995929938400003,4.701457760400001,6.602242608000001,5.895825120000001,6.125764,3.7257640000000007,1.7006112000000007,1.9683496721746894,3.31090350495722,5.360000000000001,2.4000000000000004,0.4066985325326402,0.0,0.0,0.0,0.0,0.0,0.0,0.0,0.0,0.0,0.0,0.0,0.0,0.0,0.0,0.0,0.0,0.0,0.0,0.0,0.0,0.0,0.0,0.0,0.0,0.0,0.0,0.0,0.0,0.0,0.0,0.0,0.0,0.0,0.0,0.0,0.0,0.0,0.0,0.0,0.0,0.0,0.0,0.0,0.0,0.0,0.0,0.0,0.0,0.0,0.0,0.0,0.0,0.0,0.0,0.0,0.0,0.0,0.0,0.0,0.0,0.0,0.0,
0.0,0.0,0.0,0.0,0.0,0.0,0.0,0.0,0.0,0.0,0.0,0.0,0.0,5.133488514636891,3.4154029319014505,4.059923472880825,3.6702791082905306,4.249428290662485,4.771512312320428,5.335167295796361,2.8017010018915225,3.0508254557891976,2.951996266065597,5.536467990046441,5.899091118397923,3.730580366317921,3.6092092755240013,4.655570861232001,4.738945564800001,3.149280000000001,4.424983629184801,3.7134425325326412,1.5305500800000007,2.67953519130521,3.176483230216295,3.6941387170271582,3.5294258113514387,0.3660286792793762,0.0,0.0,0.0,0.0,0.0,0.0,0.0,0.0,0.0,0.0,0.0,0.0,0.0,0.0,0.0,0.0,0.0,0.0,0.0,0.0,0.0,0.0,0.0,0.0,0.0,0.0,0.0,0.0,0.0,0.0,0.0,0.0,0.0,0.0,0.0,0.0,0.0,0.0,0.0,0.0,0.0,0.0,0.0,0.0,0.0,0.0,0.0,0.0,0.0,0.0,0.0,0.0,0.0,0.0,0.0,0.0,0.0,0.0,0.0,0.0,0.0,0.0,
0.0,0.0,0.0,0.0,0.0,0.0,0.0,0.0,0.0,0.0,0.0,0.0,0.0,4.287286410899825,3.8525018585412374,3.211359245315333,3.4679641031371973,3.7285028358984715,2.754258335347641,3.5329080838813858,2.725706302348967,4.229704789719334,4.21199476877892,5.182030361856998,5.012821484028002,4.573455825924001,3.540334521924001,4.4222908612320015,5.561656512480002,4.422515008320001,4.252345430616002,6.6238198365326415,1.018173347351439,3.5964613236724565,4.154834907194666,3.6,4.0,3.2,0.0,0.0,0.0,0.0,0.0,0.0,0.0,0.0,0.0,0.0,0.0,0.0,0.0,0.0,0.0,0.0,0.0,0.0,0.0,0.0,0.0,0.0,0.0,0.0,0.0,0.0,0.0,0.0,0.0,0.0,0.0,0.0,0.0,0.0,0.0,0.0,0.0,0.0,0.0,0.0,0.0,0.0,0.0,0.0,0.0,0.0,0.0,0.0,0.0,0.0,0.0,0.0,0.0,0.0,0.0,0.0,0.0,0.0,0.0,0.0,0.0,0.0,
0.0,0.0,0.0,0.0,0.0,0.0,0.0,0.0,0.0,0.0,0.0,0.0,0.0,3.68683321532944,6.094334190036612,5.969019874632131,4.053112829785355,4.860062213661698,4.317151787905883,6.371220254538395,5.850958262257063,5.127830643861033,5.557528365405755,6.175031517117506,6.388754130130562,7.0985582375979215,3.2863382055979216,2.4106163760000014,5.856069600000001,3.675445956000001,5.721868840000001,5.969809173600002,3.2790768453244428,3.25734813741384,2.572951416475199,1.8895680000000006,0.8503056000000003,4.0,0.0,0.0,0.0,0.0,0.0,0.0,0.0,0.0,0.0,0.0,0.0,0.0,0.0,0.0,0.0,0.0,0.0,0.0,0.0,0.0,0.0,0.0,0.0,0.0,0.0,0.0,0.0,0.0,0.0,0.0,0.0,0.0,0.0,0.0,0.0,0.0,0.0,0.0,0.0,0.0,0.0,0.0,0.0,0.0,0.0,0.0,0.0,0.0,0.0,0.0,0.0,0.0,0.0,0.0,0.0,0.0,0.0,0.0,0.0,0.0,0.0,0.0,
0.0,0.0,0.0,0.0,0.0,0.0,0.0,0.0,0.0,0.0,0.0,0.0,0.0,3.7441482023388004,5.918095682898179,3.7951389295659244,4.158445841545817,5.659105472094949,6.684054115448257,6.363981594855995,6.765091335973328,4.803589433345181,6.85468765926518,6.533225853405756,6.411277497477819,3.1466137148384403,3.2676407762381285,5.549681956000001,4.950916800000002,2.857821358558753,5.076290406798961,2.853710624160001,3.0845866143893317,1.8895680000000006,1.5746400000000005,1.5746400000000005,0.7652750400000004,2.7826375200000006,0.0,0.0,0.0,0.0,0.0,0.0,0.0,0.0,0.0,0.0,0.0,0.0,0.0,0.0,0.0,0.0,0.0,0.0,0.0,0.0,0.0,0.0,0.0,0.0,0.0,0.0,0.0,0.0,0.0,0.0,0.0,0.0,0.0,0.0,0.0,0.0,0.0,0.0,0.0,0.0,0.0,0.0,0.0,0.0,0.0,0.0,0.0,0.0,0.0,0.0,0.0,0.0,0.0,0.0,0.0,0.0,0.0,0.0,0.0,0.0,0.0,0.0,
0.0,0.0,0.0,0.0,0.0,0.0,0.0,0.0,0.0,0.0,0.0,0.0,0.0,2.88347404822977,2.693035717838874,6.715936797484283,5.026211487239765,3.8290490481657162,4.33777250043507,5.692773935147992,4.571979124276791,4.020869679852816,8.080599121793602,7.438045856757194,7.208180151081475,6.081659204290037,2.745616772158316,7.562521198832591,6.510967453324444,3.020811622702877,3.8271108875544013,3.6691454306160005,3.7203028329503973,4.769568000000001,3.5660286792793765,2.0790258113514386,2.240483230216295,1.7843737680000005,0.0,0.0,0.0,0.0,0.0,0.0,0.0,0.0,0.0,0.0,0.0,0.0,0.0,0.0,0.0,0.0,0.0,0.0,0.0,0.0,0.0,0.0,0.0,0.0,0.0,0.0,0.0,0.0,0.0,0.0,0.0,0.0,0.0,0.0,0.0,0.0,0.0,0.0,0.0,0.0,0.0,0.0,0.0,0.0,0.0,0.0,0.0,0.0,0.0,0.0,0.0,0.0,0.0,0.0,0.0,0.0,0.0,0.0,0.0,0.0,0.0,0.0,
0.0,0.0,0.0,0.0,0.0,0.0,0.0,0.0,0.0,0.0,0.0,0.0,0.0,2.7207970955538903,4.118379176651962,6.723040001221076,4.890703368833021,4.438596783618102,4.2309812316646145,8.864416461284634,6.145856492682015,6.681832287457988,6.814622122995739,5.086732666103887,12.241372442929475,10.833550166989035,3.8505432220239992,5.373125768426666,3.383265646339201,2.758371622702877,2.8887915804325908,1.7218688400000006,1.809767621655358,1.1479125600000004,2.9490430189190646,0.43227254965535783,0.36022712471279816,0.5578855041600003,0.0,0.0,0.0,0.0,0.0,0.0,0.0,0.0,0.0,0.0,0.0,0.0,0.0,0.0,0.0,0.0,0.0,0.0,0.0,0.0,0.0,0.0,0.0,0.0,0.0,0.0,0.0,0.0,0.0,0.0,0.0,0.0,0.0,0.0,0.0,0.0,0.0,0.0,0.0,0.0,0.0,0.0,0.0,0.0,0.0,0.0,0.0,0.0,0.0,0.0,0.0,0.0,0.0,0.0,0.0,0.0,0.0,0.0,0.0,0.0,0.0,0.0,
0.0,0.0,0.0,0.0,0.0,0.0,0.0,0.0,0.0,0.0,0.0,0.0,0.0,2.5530690388980317,4.148391317572546,5.092937749673742,4.378786849228997,3.907340311224861,5.688293194351079,5.9262027920996285,6.45486906536819,4.104300588496191,4.28139123513799,8.440137555346716,4.748465033072263,3.443144422080959,3.8257160245343984,5.753959345430398,6.229336493124001,4.865866331331601,3.509739414389332,3.7217474327919984,3.1416994842415185,2.0376759565260496,2.4133970650652805,0.48630661836227745,0.3151266886987559,0.7938809247613664,0.0,0.0,0.0,0.0,0.0,0.0,0.0,0.0,0.0,0.0,0.0,0.0,0.0,0.0,0.0,0.0,0.0,0.0,0.0,0.0,0.0,0.0,0.0,0.0,0.0,0.0,0.0,0.0,0.0,0.0,0.0,0.0,0.0,0.0,0.0,0.0,0.0,0.0,0.0,0.0,0.0,0.0,0.0,0.0,0.0,0.0,0.0,0.0,0.0,0.0,0.0,0.0,0.0,0.0,0.0,0.0,0.0,0.0,0.0,0.0,0.0,0.0,
0.0,0.0,0.0,0.0,0.0,0.0,0.0,0.0,0.0,0.0,0.0,0.0,0.0,6.230664958441447,3.1817454252674153,4.286806952923668,4.51103110656096,4.291860708220992,8.294958629584922,4.251430696442122,5.092337231182278,7.839235140671262,7.458027053654295,8.616122537633988,5.857546333944096,3.1587176546647178,8.249905993561033,7.451965527111997,4.331731375108801,4.999494483934879,4.847099531399066,5.135845471912799,1.6864977314173664,1.3981022683614452,1.4133321657528803,0.6291154199105438,1.128523753764036,1.0020352997959188,1.672715935261389,2.32970622490765,2.263011883824621,1.862700691031071,1.883140858835359,3.661857098081132,4.87014053106768,5.79243684304301,10.048750016273818,8.702329354654486,5.098899202352879,10.138509742202157,9.153355473014111,9.008390233271413,8.152462757210891,4.667093968610253,2.9334083668211637,8.870700798225348,4.270585599406566,3.5357836619141327,7.560554687233928,14.02837541717308,6.949741788914359,7.337819638273682,10.527649214579078,13.584130835200371,21.306911204565665,14.509898278089642,17.783238610495733,16.953821860291622,14.342569979250898,15.528168523487777,13.691777884978368,11.75022475187826,14.583230290843746,14.591979623056519,12.39104514045083,18.445145468721428,21.750657223909425,18.676510875393618,21.927619080787018,22.884273775859043,17.78146652769982,19.04444974633099,19.273488636787242,21.342683483231294,21.973151480851776,19.488154411464176,20.950726399067186,23.676906161057197,0.0,0.0,0.0,0.0,0.0,0.0,0.0,0.0,0.0,0.0,0.0,0.0,
0.0,0.0,0.0,0.0,0.0,0.0,0.0,0.0,0.0,0.0,0.0,0.0,0.0,5.429665625947408,3.5113846834427065,2.804518732902268,4.122536798947196,5.751583691395073,6.937206997903472,5.5107710865760025,4.592736362974218,5.244893612374413,6.585418003558974,5.85741346713075,6.809269248420056,6.4528866242659415,5.601023773190786,8.01665438570719,7.790772416273819,5.819686532546664,2.591675705758753,2.8796396730652813,1.60538314958084,1.6392757949376813,0.3545175247861003,0.6236357169348377,1.198685718027321,1.0150039917630904,1.8311606540153558,3.7001091297933035,1.792867102810325,3.1196621069987005,3.1003307522459136,2.9988117611357183,4.282810788104899,6.4292700613765374,7.0958452946898225,7.371056395001356,7.236914960377032,7.567184345605287,8.082200325068836,6.466647811647524,8.049972889661165,6.824415891170301,4.287859742132387,6.946253128176529,4.881447791883321,5.560811499297499,8.457555700187655,8.24685031153413,11.988438905600168,11.515299901558103,15.181764001936068,22.427873149663384,17.454276828895686,16.80959863690096,23.27459917778205,17.678398905112154,13.469652208030771,12.379236941026926,11.642093385602191,13.931025918711082,14.96051375639984,12.11270000840684,18.57957966111705,17.587686753881982,23.018015244743864,23.889159150602374,21.67207445239479,24.935065192713942,20.30051534463952,19.453170266232796,23.540849262775765,19.66220812443923,19.109526471916478,19.824462240911895,19.01708540244584,22.618380018537398,0.0,0.0,0.0,0.0,0.0,0.0,0.0,0.0,0.0,0.0,0.0,0.0,
0.0,0.0,0.0,0.0,0.0,0.0,0.0,0.0,0.0,0.0,0.0,0.0,0.0,5.803645306733717,4.804995792038229,5.8355472441449185,4.3625032239541754,5.277992982566973,5.855481609280946,5.242277983268338,4.752265904054034,3.7372295985670947,8.443233527550417,5.114022263791533,8.621508495903164,7.959335547938397,8.80586738076356,8.276859388009475,3.533930015767954,5.708339189346102,4.125224956667491,2.434324596739201,2.267725953258756,1.2719989491775923,1.3386923608734451,1.5177089125874428,1.789285143703718,1.634505258985509,1.7890423221761442,3.7976657702457732,1.9151089271457205,1.9316569087080133,1.7469754416049412,2.3542524318998255,3.6373385359651094,2.2314434174824114,4.404977236170057,3.8070155125530514,9.253504891670113,10.001870668652353,11.240213475908067,9.488010969188986,10.249765242940832,7.137251119011383,5.918202362431424,4.764169895895177,6.438524083794888,9.170498537494376,9.869563665578085,9.686767835122854,4.963677581222387,17.35460867992024,19.42194376870407,17.47554632896228,17.277748839611636,17.400627672593046,14.078294415063711,12.685076910530418,10.436899331840426,17.017991505935584,16.910380244697407,15.070269325037328,20.93578561180268,11.827977114472136,19.944666057960625,21.541853912870195,22.420088510350574,20.549947846041874,21.043903806364398,18.74515337072103,19.005916457040875,22.922219773746196,27.02115608721357,23.817644129165863,21.504840009810774,21.009361258819684,24.009786047532618,23.828381758498338,0.0,0.0,0.0,0.0,0.0,0.0,0.0,0.0,0.0,0.0,0.0,0.0,
0.0,0.0,0.0,0.0,0.0,0.0,0.0,0.0,0.0,0.0,0.0,0.0,0.0,5.252391708266491,4.552056682182328,3.429617412221023,5.199104775434482,4.572012358743388,6.298396787867099,4.801152174336175,5.433498219510252,9.089678729958965,9.478335269825294,11.127957527759307,11.208257570572641,5.60749443891123,4.3280460268068195,9.138976734965352,6.040344499283251,5.711235788049068,12.066882284787493,7.829538516739202,4.950129200873446,3.638681369905411,1.929157524786101,5.142630300686086,0.8668115074673034,1.5980135680283427,2.519500951786854,3.89755553083165,3.485809308975224,1.9666783913149448,1.8453726113393907,4.235804323391821,4.436849191234523,2.2666616084135534,4.8048650770206205,8.610811164274647,8.368536282881742,11.58637813996743,11.747293170207556,9.188431943123753,7.562693475838589,6.51248166281764,5.855960594566418,6.918002293218957,6.746835862107432,9.799778484693146,3.4754852013406774,10.463827748634012,10.25807244272671,11.27594820499748,23.852838713603987,16.393812607685074,18.605591403736497,22.298967288428347,18.96114057055629,12.043706321713728,11.225754357091521,20.019569613270015,21.247784469792943,14.629133435551237,15.570198963711913,14.304674579610548,27.606266066372452,15.854882281913005,23.539465738037812,26.189830652084183,20.691955303389115,18.863309554260276,19.857292042811928,26.27765944613225,27.38306530623135,32.978115594902405,23.84113359646733,32.048082782582995,22.870783706354345,24.27035898441135,0.0,0.0,0.0,0.0,0.0,0.0,0.0,0.0,0.0,0.0,0.0,0.0,
0.0,0.0,0.0,0.0,0.0,0.0,0.0,0.0,0.0,0.0,0.0,0.0,0.0,5.655318155348096,5.495653411601946,5.630581957397423,5.516280161744013,6.399293146482084,6.462740373037483,6.815110083203172,7.986186613761298,7.533796718899265,7.7999396807962045,12.290162218075846,11.405911707994726,8.105244064818928,8.623129008229462,10.62710500229806,10.333927944532373,7.8389345948484435,11.136410628009656,7.091856959307957,9.039239490761934,10.392648392650841,2.4734660730885514,8.80297452436691,6.738665489957077,1.6169586129605735,3.798136516968481,3.999854764663006,3.0505520590159425,1.6347805127233934,5.050787551406492,3.148317058855323,4.790184869497511,5.553301033481842,4.798058486556011,7.28530626864593,7.639474016591667,8.86987876497362,8.739732895116878,8.561879651441744,6.817154714209829,6.739345566663478,11.500483824097799,8.70244380426988,11.307785370221241,8.971489353967229,2.8827915309958034,13.027806269358837,8.394492086063998,18.175676296445534,35.866178229083594,16.866807043781037,12.974427324531778,24.653213928788084,26.54734458168855,20.48187632876773,15.79360679418261,24.57758797789362,18.133350771383423,20.793963216815882,15.467758226752341,22.843573171927396,26.56603492022697,20.9891926948258,25.02757836925536,25.941601519626403,30.67427918436175,25.020660368035895,23.601426562083446,25.23525943595146,32.07641698733966,27.477111289373628,31.665347258861818,23.68821436935699,24.135435311595053,22.89036159603146,0.0,0.0,0.0,0.0,0.0,0.0,0.0,0.0,0.0,0.0,0.0,0.0,
0.0,0.0,0.0,0.0,0.0,0.0,0.0,0.0,0.0,0.0,0.0,0.0,0.0,5.858835567119862,3.5506171925243533,3.5437771923166004,4.899354387933862,7.0890430841412035,5.161286764515557,6.186524109861905,8.356744738810539,5.506346390489785,7.597319550212836,9.256347841428246,6.906572364456429,6.232712302184635,8.489214738484698,8.681831076872383,10.368487481118262,11.105976642313566,5.6828752015705435,5.600909121280636,7.064190895621053,11.88916978800099,5.035892966217952,6.119623459198589,6.702475494931997,4.698226191229197,3.9018711467408744,6.167580816674159,2.04670160952833,1.5532715640171175,2.411588385186319,2.0296384942593617,5.267319523837332,7.9305414524152855,7.572601490603479,8.303009484979421,7.757324075635118,9.966140970782032,7.54550870113197,7.875647879769184,11.97400122914074,12.838996378732325,10.758759911703486,7.929253505502114,9.319921162667724,5.351938697619897,4.526132195219778,12.55227863855796,18.612263750655472,17.250434104215618,21.143706378103843,17.36506044820218,12.998279088583333,21.157085698782353,21.86709177839434,17.981671907168725,18.305893463805955,17.52255663024604,17.628895913142614,22.527134196790826,18.20955582184037,28.28163696505895,21.424595870161827,23.34369006261123,24.300507628928457,24.256177081921184,21.955573321966494,35.974767040575486,27.91447294499061,29.167145868736757,34.561556331869525,30.41170248854659,21.73912575320899,27.32057084824306,24.51110246122854,22.483759132612253,0.0,0.0,0.0,0.0,0.0,0.0,0.0,0.0,0.0,0.0,0.0,0.0,
0.0,0.0,0.0,0.0,0.0,0.0,0.0,0.0,0.0,0.0,0.0,0.0,0.0,8.271236032337887,7.418983770184957,5.096921726476302,6.496922798108796,7.118671603675741,5.537362415627992,6.554293460951701,5.90321219967262,5.4155893450709165,8.284327143279175,9.612046083062895,8.918562055939228,9.310130374754603,10.666209389448117,8.36162965478136,6.779661280579986,6.492874940922209,7.487633094341213,7.336861458323689,8.884265623400328,9.750648006900668,2.618313834959048,2.9092375943989417,3.7106218199439147,4.2288611163060095,3.5598005472422694,1.7286370529297457,1.7466532685276366,1.4540826766405812,0.7525819925962249,0.9273211426600725,1.6814428506088448,1.535579126385559,1.5824485782447126,2.19420688639958,2.8957760638354104,5.355847548808356,6.372948545534077,6.783188154573112,6.418666602814237,9.76553005315888,11.72459459807788,7.330594609279546,5.25322433139788,5.237867289839358,7.748874291818831,9.663335732293355,8.694346162376133,14.415575618895248,17.563883275443253,13.41966574006708,15.355087154836166,17.26295132919822,16.031666349580163,26.816869375323517,27.218029755093156,26.812888966101713,18.349755391688177,17.60159534870155,25.34049835475495,23.509059347374198,23.35088356365656,23.884714106873524,30.515224570131956,32.35753642845148,30.041779765621857,27.01937537941715,33.73916665638754,31.683798026111877,28.961629026022628,31.229157379495508,25.95593334590178,25.41447482415055,25.724408377434596,25.36480353931866,0.0,0.0,0.0,0.0,0.0,0.0,0.0,0.0,0.0,0.0,0.0,0.0,
0.0,0.0,0.0,0.0,0.0,0.0,0.0,0.0,0.0,0.0,0.0,0.0,0.0,7.129071081642679,7.925770894606475,8.322640745472905,8.784615578558721,7.3388818708605355,6.927841706739231,6.143030827329796,5.565077876355798,7.8047402441567355,8.411855712971787,6.10160532673411,6.574429262109613,5.228292704547546,5.257902757118435,4.182632859725256,3.6976625723487566,2.66805426559832,5.094281965119191,6.3133928933350365,12.898472498941985,7.473740020089579,7.641848290670115,6.251453121961363,4.186259671060268,3.618117321048516,2.982267014005143,2.6056019744236707,1.9921031388443096,2.324443991002859,2.3415228020795396,2.5163956971319985,1.0162899465355826,4.541229736960572,2.38585477254854,3.9879646821620516,7.471647168232682,7.850238150189984,9.588401696846333,5.993681075139381,5.854512690046719,9.508886164121865,6.737240106505394,7.6394536702722835,6.496859851262347,5.285944466437047,7.551034624101108,7.849604295659363,7.742279205222178,21.808846331019584,23.755961653177756,14.286178352956114,26.40266622449167,24.47100053966907,20.834764833813253,30.172225236971304,23.00432749551748,21.545019770302442,20.38266047817682,26.431929902924686,24.06105961439247,27.682957585133018,27.135145465965415,26.9331792504285,21.57752457054108,23.488610524352744,42.159494808107254,31.496431298333437,28.48259593557757,36.29363919452021,33.569531743605594,24.166564474230714,32.855133276190024,33.173208334660956,24.81225079171273,26.75108837813905,0.0,0.0,0.0,0.0,0.0,0.0,0.0,0.0,0.0,0.0,0.0,0.0,
0.0,0.0,0.0,0.0,0.0,0.0,0.0,0.0,0.0,0.0,0.0,0.0,0.0,9.639541374158417,9.131298791944822,8.671530255504603,8.551921461371297,6.968395585405363,6.231641115184298,6.035428242070016,5.646529259872855,4.836249008772277,7.52395659646727,5.030697143130329,3.2813575985458385,4.683336903552545,5.293452976519463,4.4133606819157905,4.814280893699566,6.107460691386848,4.7280176204708235,7.671747650227304,9.13953221121432,11.19744519124206,6.335289870913398,2.218549217575015,2.7858420408821774,2.917331386298543,1.7697855893527175,1.1625009187513704,2.041741892378221,2.824954993701235,2.9593472585284517,2.5952028618350447,5.979682311727628,4.67103178627392,6.505435525145561,1.6290800593834085,5.718408992876979,5.622516456615755,6.8810724929139475,7.654972676281756,7.105774312873717,8.860730645330227,8.6028890231187,9.114758415129991,6.017723445029066,4.980022125589772,6.950552716929926,8.765414776714485,9.674470442432911,13.732879823681579,17.103922483034395,15.800222265870516,21.486119877087177,25.879946865456745,21.92238318951283,23.412231961063675,28.703094868444737,27.326686229720355,25.077868597168795,24.775745734032228,22.770566467816074,21.13166997221036,19.43109856513668,24.37664046730038,24.23619660180775,28.328424068041794,32.25131864562135,32.90847441043246,31.210658335265954,25.54828874298702,25.343121545432684,29.52898366142706,27.027481376732947,29.877477464777872,24.682265822070708,26.392511081100288,0.0,0.0,0.0,0.0,0.0,0.0,0.0,0.0,0.0,0.0,0.0,0.0,
0.0,0.0,0.0,0.0,0.0,0.0,0.0,0.0,0.0,0.0,0.0,0.0,0.0,8.086587653999993,10.18409089934045,9.143103756072076,7.426862735771255,7.394690172430554,7.905911523523278,7.382900474998803,6.530931708138321,4.7805631689800725,5.584738468922113,4.838686440894947,4.382738469843643,3.840895101718578,5.626326422032171,6.328779906287865,3.2001130287205752,2.9520291191309522,2.439175901926883,2.8041540864517116,3.0599777305069504,1.7452299920021277,1.2849541370199404,0.9729749398207699,0.8793306833920805,0.9115261199710909,2.2912196208542372,2.631306314412098,2.336039826193627,2.7105594500286783,1.9803839416750595,2.561418820044103,4.146416551912292,4.122308494459824,7.172018087046674,3.2688035160891187,3.791267758526939,4.511973485795915,5.6019901273838295,8.11621991705138,8.024666505166014,7.25999689911491,6.458400515188343,5.340614860685919,5.296323891189011,3.8486556406194556,5.515653569494437,5.263801505370909,5.8478111177505685,11.489974139006364,14.01154224128275,16.627936069317244,18.835647293341356,17.95997117111948,23.30916351555871,32.801976362787656,27.750035778006197,24.538323247791197,21.570980247367554,20.042497704813098,20.50002571522363,21.430191818386778,27.449225188924228,31.538166738037813,29.135511447073426,29.200645325825175,36.17580968709653,27.387688938432255,25.126112471323573,29.50284847464066,24.29631653860859,25.361682107274987,32.57545117859528,29.712344147199477,28.103081165582893,28.679811033711765,0.0,0.0,0.0,0.0,0.0,0.0,0.0,0.0,0.0,0.0,0.0,0.0,
0.0,0.0,0.0,0.0,0.0,0.0,0.0,0.0,0.0,0.0,0.0,0.0,0.0,0.0,0.0,0.0,0.0,0.0,0.0,0.0,0.0,0.0,0.0,0.0,0.0,0.0,0.0,0.0,0.0,0.0,0.0,0.0,0.0,0.0,0.0,0.0,0.0,0.0,0.0,0.0,0.0,0.0,0.0,0.0,0.0,0.0,0.0,0.0,0.0,0.0,0.0,0.0,0.0,0.0,0.0,0.0,0.0,0.0,0.0,0.0,0.0,0.0,0.0,0.0,0.0,0.0,0.0,0.0,0.0,0.0,0.0,0.0,0.0,0.0,0.0,0.0,0.0,0.0,0.0,0.0,0.0,0.0,0.0,0.0,0.0,0.0,0.0,0.0,0.0,0.0,0.0,0.0,0.0,0.0,0.0,0.0,0.0,0.0,0.0,0.0,
0.0,0.0,0.0,0.0,0.0,0.0,0.0,0.0,0.0,0.0,0.0,0.0,0.0,0.0,0.0,0.0,0.0,0.0,0.0,0.0,0.0,0.0,0.0,0.0,0.0,0.0,0.0,0.0,0.0,0.0,0.0,0.0,0.0,0.0,0.0,0.0,0.0,0.0,0.0,0.0,0.0,0.0,0.0,0.0,0.0,0.0,0.0,0.0,0.0,0.0,0.0,0.0,0.0,0.0,0.0,0.0,0.0,0.0,0.0,0.0,0.0,0.0,0.0,0.0,0.0,0.0,0.0,0.0,0.0,0.0,0.0,0.0,0.0,0.0,0.0,0.0,0.0,0.0,0.0,0.0,0.0,0.0,0.0,0.0,0.0,0.0,0.0,0.0,0.0,0.0,0.0,0.0,0.0,0.0,0.0,0.0,0.0,0.0,0.0,0.0,
0.0,0.0,0.0,0.0,0.0,0.0,0.0,0.0,0.0,0.0,0.0,0.0,0.0,0.0,0.0,0.0,0.0,0.0,0.0,0.0,0.0,0.0,0.0,0.0,0.0,0.0,0.0,0.0,0.0,0.0,0.0,0.0,0.0,0.0,0.0,0.0,0.0,0.0,0.0,0.0,0.0,0.0,0.0,0.0,0.0,0.0,0.0,0.0,0.0,0.0,0.0,0.0,0.0,0.0,0.0,0.0,0.0,0.0,0.0,0.0,0.0,0.0,0.0,0.0,0.0,0.0,0.0,0.0,0.0,0.0,0.0,0.0,0.0,0.0,0.0,0.0,0.0,0.0,0.0,0.0,0.0,0.0,0.0,0.0,0.0,0.0,0.0,0.0,0.0,0.0,0.0,0.0,0.0,0.0,0.0,0.0,0.0,0.0,0.0,0.0,
0.0,0.0,0.0,0.0,0.0,0.0,0.0,0.0,0.0,0.0,0.0,0.0,0.0,0.0,0.0,0.0,0.0,0.0,0.0,0.0,0.0,0.0,0.0,0.0,0.0,0.0,0.0,0.0,0.0,0.0,0.0,0.0,0.0,0.0,0.0,0.0,0.0,0.0,0.0,0.0,0.0,0.0,0.0,0.0,0.0,0.0,0.0,0.0,0.0,0.0,0.0,0.0,0.0,0.0,0.0,0.0,0.0,0.0,0.0,0.0,0.0,0.0,0.0,0.0,0.0,0.0,0.0,0.0,0.0,0.0,0.0,0.0,0.0,0.0,0.0,0.0,0.0,0.0,0.0,0.0,0.0,0.0,0.0,0.0,0.0,0.0,0.0,0.0,0.0,0.0,0.0,0.0,0.0,0.0,0.0,0.0,0.0,0.0,0.0,0.0,
0.0,0.0,0.0,0.0,0.0,0.0,0.0,0.0,0.0,0.0,0.0,0.0,0.0,0.0,0.0,0.0,0.0,0.0,0.0,0.0,0.0,0.0,0.0,0.0,0.0,0.0,0.0,0.0,0.0,0.0,0.0,0.0,0.0,0.0,0.0,0.0,0.0,0.0,0.0,0.0,0.0,0.0,0.0,0.0,0.0,0.0,0.0,0.0,0.0,0.0,0.0,0.0,0.0,0.0,0.0,0.0,0.0,0.0,0.0,0.0,0.0,0.0,0.0,0.0,0.0,0.0,0.0,0.0,0.0,0.0,0.0,0.0,0.0,0.0,0.0,0.0,0.0,0.0,0.0,0.0,0.0,0.0,0.0,0.0,0.0,0.0,0.0,0.0,0.0,0.0,0.0,0.0,0.0,0.0,0.0,0.0,0.0,0.0,0.0,0.0,
0.0,0.0,0.0,0.0,0.0,0.0,0.0,0.0,0.0,0.0,0.0,0.0,0.0,0.0,0.0,0.0,0.0,0.0,0.0,0.0,0.0,0.0,0.0,0.0,0.0,0.0,0.0,0.0,0.0,0.0,0.0,0.0,0.0,0.0,0.0,0.0,0.0,0.0,0.0,0.0,0.0,0.0,0.0,0.0,0.0,0.0,0.0,0.0,0.0,0.0,0.0,0.0,0.0,0.0,0.0,0.0,0.0,0.0,0.0,0.0,0.0,0.0,0.0,0.0,0.0,0.0,0.0,0.0,0.0,0.0,0.0,0.0,0.0,0.0,0.0,0.0,0.0,0.0,0.0,0.0,0.0,0.0,0.0,0.0,0.0,0.0,0.0,0.0,0.0,0.0,0.0,0.0,0.0,0.0,0.0,0.0,0.0,0.0,0.0,0.0,
0.0,0.0,0.0,0.0,0.0,0.0,0.0,0.0,0.0,0.0,0.0,0.0,0.0,0.0,0.0,0.0,0.0,0.0,0.0,0.0,0.0,0.0,0.0,0.0,0.0,0.0,0.0,0.0,0.0,0.0,0.0,0.0,0.0,0.0,0.0,0.0,0.0,0.0,0.0,0.0,0.0,0.0,0.0,0.0,0.0,0.0,0.0,0.0,0.0,0.0,0.0,0.0,0.0,0.0,0.0,0.0,0.0,0.0,0.0,0.0,0.0,0.0,0.0,0.0,0.0,0.0,0.0,0.0,0.0,0.0,0.0,0.0,0.0,0.0,0.0,0.0,0.0,0.0,0.0,0.0,0.0,0.0,0.0,0.0,0.0,0.0,0.0,0.0,0.0,0.0,0.0,0.0,0.0,0.0,0.0,0.0,0.0,0.0,0.0,0.0,
0.0,0.0,0.0,0.0,0.0,0.0,0.0,0.0,0.0,0.0,0.0,0.0,0.0,0.0,0.0,0.0,0.0,0.0,0.0,0.0,0.0,0.0,0.0,0.0,0.0,0.0,0.0,0.0,0.0,0.0,0.0,0.0,0.0,0.0,0.0,0.0,0.0,0.0,0.0,0.0,0.0,0.0,0.0,0.0,0.0,0.0,0.0,0.0,0.0,0.0,0.0,0.0,0.0,0.0,0.0,0.0,0.0,0.0,0.0,0.0,0.0,0.0,0.0,0.0,0.0,0.0,0.0,0.0,0.0,0.0,0.0,0.0,0.0,0.0,0.0,0.0,0.0,0.0,0.0,0.0,0.0,0.0,0.0,0.0,0.0,0.0,0.0,0.0,0.0,0.0,0.0,0.0,0.0,0.0,0.0,0.0,0.0,0.0,0.0,0.0,
0.0,0.0,0.0,0.0,0.0,0.0,0.0,0.0,0.0,0.0,0.0,0.0,0.0,0.0,0.0,0.0,0.0,0.0,0.0,0.0,0.0,0.0,0.0,0.0,0.0,0.0,0.0,0.0,0.0,0.0,0.0,0.0,0.0,0.0,0.0,0.0,0.0,0.0,0.0,0.0,0.0,0.0,0.0,0.0,0.0,0.0,0.0,0.0,0.0,0.0,0.0,0.0,0.0,0.0,0.0,0.0,0.0,0.0,0.0,0.0,0.0,0.0,0.0,0.0,0.0,0.0,0.0,0.0,0.0,0.0,0.0,0.0,0.0,0.0,0.0,0.0,0.0,0.0,0.0,0.0,0.0,0.0,0.0,0.0,0.0,0.0,0.0,0.0,0.0,0.0,0.0,0.0,0.0,0.0,0.0,0.0,0.0,0.0,0.0,0.0,
0.0,0.0,0.0,0.0,0.0,0.0,0.0,0.0,0.0,0.0,0.0,0.0,0.0,0.0,0.0,0.0,0.0,0.0,0.0,0.0,0.0,0.0,0.0,0.0,0.0,0.0,0.0,0.0,0.0,0.0,0.0,0.0,0.0,0.0,0.0,0.0,0.0,0.0,0.0,0.0,0.0,0.0,0.0,0.0,0.0,0.0,0.0,0.0,0.0,0.0,0.0,0.0,0.0,0.0,0.0,0.0,0.0,0.0,0.0,0.0,0.0,0.0,0.0,0.0,0.0,0.0,0.0,0.0,0.0,0.0,0.0,0.0,0.0,0.0,0.0,0.0,0.0,0.0,0.0,0.0,0.0,0.0,0.0,0.0,0.0,0.0,0.0,0.0,0.0,0.0,0.0,0.0,0.0,0.0,0.0,0.0,0.0,0.0,0.0,0.0,
0.0,0.0,0.0,0.0,0.0,0.0,0.0,0.0,0.0,0.0,0.0,0.0,0.0,0.0,0.0,0.0,0.0,0.0,0.0,0.0,0.0,0.0,0.0,0.0,0.0,0.0,0.0,0.0,0.0,0.0,0.0,0.0,0.0,0.0,0.0,0.0,0.0,0.0,0.0,0.0,0.0,0.0,0.0,0.0,0.0,0.0,0.0,0.0,0.0,0.0,0.0,0.0,0.0,0.0,0.0,0.0,0.0,0.0,0.0,0.0,0.0,0.0,0.0,0.0,0.0,0.0,0.0,0.0,0.0,0.0,0.0,0.0,0.0,0.0,0.0,0.0,0.0,0.0,0.0,0.0,0.0,0.0,0.0,0.0,0.0,0.0,0.0,0.0,0.0,0.0,0.0,0.0,0.0,0.0,0.0,0.0,0.0,0.0,0.0,0.0,
0.0,0.0,0.0,0.0,0.0,0.0,0.0,0.0,0.0,0.0,0.0,0.0,0.0,0.0,0.0,0.0,0.0,0.0,0.0,0.0,0.0,0.0,0.0,0.0,0.0,0.0,0.0,0.0,0.0,0.0,0.0,0.0,0.0,0.0,0.0,0.0,0.0,0.0,0.0,0.0,0.0,0.0,0.0,0.0,0.0,0.0,0.0,0.0,0.0,0.0,0.0,0.0,0.0,0.0,0.0,0.0,0.0,0.0,0.0,0.0,0.0,0.0,0.0,0.0,0.0,0.0,0.0,0.0,0.0,0.0,0.0,0.0,0.0,0.0,0.0,0.0,0.0,0.0,0.0,0.0,0.0,0.0,0.0,0.0,0.0,0.0,0.0,0.0,0.0,0.0,0.0,0.0,0.0,0.0,0.0,0.0,0.0,0.0,0.0,0.0,
0.0,0.0,0.0,0.0,0.0,0.0,0.0,0.0,0.0,0.0,0.0,0.0,0.0,0.0,0.0,0.0,0.0,0.0,0.0,0.0,0.0,0.0,0.0,0.0,0.0,0.0,0.0,0.0,0.0,0.0,0.0,0.0,0.0,0.0,0.0,0.0,0.0,0.0,0.0,0.0,0.0,0.0,0.0,0.0,0.0,0.0,0.0,0.0,0.0,0.0,0.0,0.0,0.0,0.0,0.0,0.0,0.0,0.0,0.0,0.0,0.0,0.0,0.0,0.0,0.0,0.0,0.0,0.0,0.0,0.0,0.0,0.0,0.0,0.0,0.0,0.0,0.0,0.0,0.0,0.0,0.0,0.0,0.0,0.0,0.0,0.0,0.0,0.0,0.0,0.0,0.0,0.0,0.0,0.0,0.0,0.0,0.0,0.0,0.0,0.0,
0.0,0.0,0.0,0.0,0.0,0.0,0.0,0.0,0.0,0.0,0.0,0.0,0.0,0.0,0.0,0.0,0.0,0.0,0.0,0.0,0.0,0.0,0.0,0.0,0.0,0.0,0.0,0.0,0.0,0.0,0.0,0.0,0.0,0.0,0.0,0.0,0.0,0.0,0.0,0.0,0.0,0.0,0.0,0.0,0.0,0.0,0.0,0.0,0.0,0.0,0.0,0.0,0.0,0.0,0.0,0.0,0.0,0.0,0.0,0.0,0.0,0.0,0.0,0.0,0.0,0.0,0.0,0.0,0.0,0.0,0.0,0.0,0.0,0.0,0.0,0.0,0.0,0.0,0.0,0.0,0.0,0.0,0.0,0.0,0.0,0.0,0.0,0.0,0.0,0.0,0.0,0.0,0.0,0.0,0.0,0.0,0.0,0.0,0.0,0.0,
0.0,0.0,0.0,0.0,0.0,0.0,0.0,0.0,0.0,0.0,0.0,0.0,0.0,0.0,0.0,0.0,0.0,0.0,0.0,0.0,0.0,0.0,0.0,0.0,0.0,0.0,0.0,0.0,0.0,0.0,0.0,0.0,0.0,0.0,0.0,0.0,0.0,0.0,0.0,0.0,0.0,0.0,0.0,0.0,0.0,0.0,0.0,0.0,0.0,0.0,0.0,0.0,0.0,0.0,0.0,0.0,0.0,0.0,0.0,0.0,0.0,0.0,0.0,0.0,0.0,0.0,0.0,0.0,0.0,0.0,0.0,0.0,0.0,0.0,0.0,0.0,0.0,0.0,0.0,0.0,0.0,0.0,0.0,0.0,0.0,0.0,0.0,0.0,0.0,0.0,0.0,0.0,0.0,0.0,0.0,0.0,0.0,0.0,0.0,0.0,
